Diet & Food Choices
[-1.05256997e-02  2.66245920e-02 -3.62184457e-02  6.26777038e-02
 -2.46754456e-02  1.37719670e-02  3.87259983e-02 -3.33982083e-04
 -2.13729125e-02 -7.29684066e-03 -1.80572271e-02  1.81512889e-02
 -6.21117502e-02 -3.62681821e-02  2.49980185e-02 -2.18256433e-02
  8.06860477e-02 -1.00444015e-02  7.44693587e-03  9.44467168e-03
  3.99359837e-02 -2.24830471e-02  4.48192134e-02  2.82042995e-02
  5.03069647e-02 -2.29111873e-02  4.60677184e-02 -4.48930413e-02
 -4.64002043e-02 -2.78362408e-02 -3.37929092e-02  2.26131384e-03
  1.42822415e-02 -1.06566679e-02 -4.90285158e-02  2.56525557e-02
  3.69128659e-02 -5.27098998e-02 -4.66725789e-02 -2.82648318e-02
  3.53078023e-02  7.26810703e-03  1.69635247e-02  2.41055861e-02
  6.25842076e-04 -3.82438675e-02 -3.90316844e-02 -1.56019675e-03
  3.73147614e-02  2.58189328e-02 -3.80945019e-02 -1.24775637e-02
  2.56972332e-02 -2.13900115e-02  8.25341046e-02 -3.16907978e-03
 -6.05012514e-02  1.00960676e-02 -7.28182681e-03  1.56755429e-02
 -1.92638226e-02 -1.12688458e-02 -2.01921165e-03 -1.28580788e-02
  4.28234460e-03 -1.80724747e-02 -6.39688894e-02 -1.27354842e-02
 -1.64719974e-03  2.63632014e-02 -6.09646328e-02 -2.44301017e-02
  2.43079364e-02  2.58887466e-03  8.87583010e-03  2.71421275e-03
 -5.77776553e-03 -3.75438854e-02 -3.18206996e-02 -1.03961499e-02
 -2.14410014e-02  2.89527234e-02  7.65219927e-02  2.74621584e-02
  6.63484028e-03 -5.43506769e-03  1.98993739e-02  4.54485230e-02
 -1.50841102e-03  7.00293016e-03  3.35664814e-03  8.86951759e-03
  1.97902787e-02  6.71023801e-02 -3.07498816e-02 -2.27609482e-02
 -2.54704244e-02 -1.13159142e-01 -3.03278919e-02  1.99143565e-03
  1.23332702e-02  1.90612283e-02  3.72541174e-02  2.36060228e-02
  8.31260040e-05  3.72788347e-02 -4.51126555e-03  1.14628412e-02
  1.15927337e-02  2.41900049e-02  3.19070183e-02  6.39717802e-02
  1.61332749e-02  1.22880004e-02 -7.72138685e-02  8.73977412e-03
  3.75711285e-02 -2.39800010e-02 -8.10971856e-03  3.32379825e-02
 -5.32850474e-02 -7.29304971e-03  5.72866350e-02 -1.79418642e-02
  3.59716872e-03  2.80085523e-02  2.24214587e-02 -3.55522315e-33
  2.20674481e-02 -3.32303308e-02  4.16730036e-04 -4.66994289e-03
  3.39356847e-02  2.82828100e-02  5.93857514e-03  1.29668117e-02
  5.16029336e-02  3.63405840e-03 -3.86561360e-03 -4.39154282e-02
 -1.78239774e-02  5.39931993e-04  4.92290920e-03 -1.80773512e-02
 -1.83673538e-02 -1.03471465e-02  4.15226221e-02  2.94858869e-02
 -5.87616935e-02 -6.39864653e-02 -6.83834124e-03 -1.26775680e-02
 -1.83499735e-02 -5.92447771e-03  6.40026154e-03  1.22368140e-02
  4.45280336e-02  8.77102651e-03  1.96831357e-02  4.15248424e-03
  2.91687325e-02 -1.49993151e-02  1.87962782e-02  4.13219295e-02
 -1.83201153e-02  2.49945503e-02 -9.34978109e-03  3.21004950e-02
  2.80300789e-02  1.38810119e-02  5.59694245e-02 -3.17040943e-02
  2.48202845e-03 -2.99115735e-03  2.94173546e-02 -9.30058118e-03
 -5.04396521e-02  7.69966980e-03 -9.34254564e-03 -2.95136180e-02
  5.71752526e-03  7.71052688e-02  7.12477230e-03 -1.98651254e-02
 -9.13474243e-03  2.98077706e-03  7.85516575e-03  7.77866645e-03
 -3.87335606e-02  3.44374143e-02 -1.50666703e-02 -4.39434918e-03
 -5.21536916e-02  4.52786237e-02 -4.74686399e-02 -3.91023159e-02
 -6.85175806e-02 -2.71952134e-02  3.83340903e-02 -3.78942229e-02
  3.34999673e-02 -1.89196356e-02 -3.21551487e-02 -3.86662269e-03
  6.56679226e-03  1.48748106e-03 -2.54076216e-02 -2.43386794e-02
  6.08919635e-02 -2.39394885e-02  2.60183271e-02  2.01629605e-02
 -4.34412211e-02  8.42597038e-02 -6.67327717e-02 -2.06217784e-02
  4.81714495e-02 -1.64134633e-02 -8.49023163e-02  2.83766557e-02
  7.11468095e-03 -1.46222608e-02 -6.58406094e-02  2.06821233e-33
  2.02143490e-02 -2.78379563e-02  4.72580008e-02  2.18499824e-02
  2.78137214e-02 -3.60115431e-02  4.03195135e-02 -4.36719097e-02
  1.78267676e-02 -2.12549306e-02  2.01556999e-02  5.00080734e-02
  3.16090062e-02 -2.95782965e-02  3.43769863e-02  7.05042183e-02
 -2.59891506e-02  6.06494173e-02 -2.59839725e-02 -2.64463760e-02
 -6.59370571e-02  5.23627549e-02 -1.24698076e-02  8.97959340e-03
  3.77615765e-02  2.48363595e-02  1.20403292e-02  3.05405967e-02
 -3.19882706e-02 -3.41227576e-02  5.47078885e-02 -1.59135778e-02
 -4.18524779e-02 -5.39971516e-02  3.10614351e-02  3.23467306e-03
 -5.39097376e-02 -3.30189317e-02 -3.79800461e-02  4.27594222e-02
 -5.14343055e-03  3.25188674e-02  2.25561578e-02  2.42872648e-02
  2.88994554e-02 -7.33396132e-03  2.27288119e-02  2.13086605e-04
 -1.17780305e-02  5.80886789e-02 -2.58438382e-02 -1.15809916e-02
 -6.39679516e-03  2.06977595e-02  2.37945057e-02  1.43330276e-03
  7.66254822e-03 -1.84716079e-02 -2.72157751e-02 -3.28285806e-02
 -4.71480079e-02 -6.84402278e-03  1.64035615e-02 -1.25324726e-02
  4.43792082e-02  1.83158228e-03  2.53551872e-03  8.67336057e-03
  5.71315177e-02  2.09782738e-02  2.81223003e-02 -2.85859779e-02
 -5.33726579e-03  1.41274044e-02 -2.74107996e-02 -1.87656526e-02
 -3.84223904e-03  3.59671116e-02 -1.11370068e-02 -2.02859323e-02
 -7.09185153e-02  4.03911341e-03 -1.05214017e-02 -3.88858691e-02
 -4.19508182e-02  3.97605216e-03 -3.02908476e-02 -3.11388616e-02
 -7.29388278e-03  6.08514473e-02 -3.81917506e-02 -1.36518143e-02
  2.06330102e-02 -2.16785166e-02  4.80842777e-02 -1.57620494e-08
  8.64223465e-02 -3.58764529e-02 -2.31199879e-02  6.84226677e-02
 -3.86327542e-02 -4.07003649e-02 -2.61054505e-02  9.47223417e-03
  2.15585195e-02 -5.13003266e-04  1.37982583e-02  8.50715637e-02
 -1.22334939e-04 -1.23548321e-02 -6.75604716e-02 -2.90180650e-02
  4.05589864e-02  2.96251606e-02 -3.10450718e-02  5.20633124e-02
 -4.40193005e-02 -4.48259199e-03 -2.56094504e-02  1.11196237e-03
  1.13466028e-02 -7.24659814e-03  5.11331521e-02  1.04942046e-04
  3.07497308e-02  5.85754775e-03  3.71121019e-02  2.61266492e-02
  1.68996751e-02  4.51611355e-02 -7.02346675e-03 -5.48142418e-02
  6.75866753e-03  2.44616605e-02 -2.05580276e-02 -3.26234289e-02
 -2.30032904e-03 -3.24697718e-02  6.54280977e-03  3.71899866e-02
 -6.44296333e-02  1.05126463e-02  1.77871250e-02  1.70099456e-02
  1.45252999e-02  2.94063110e-02 -1.73212178e-02  6.62589744e-02
 -5.43806655e-03  1.20463958e-02 -1.11963982e-02  3.37671675e-02
 -1.70646627e-02  6.81434479e-03 -2.10526958e-02 -3.63796130e-02
  7.16121262e-03 -3.06913313e-02 -1.83272117e-03 -5.15850559e-02]
Lifestyle, Exercise & Habits
[-8.69995821e-03  4.44224589e-02 -2.95784418e-02  7.95089379e-02
 -3.53050372e-03 -1.45887537e-02  4.01197486e-02  2.24686740e-03
 -2.01900732e-02 -5.46260551e-03 -7.82752782e-02  3.46358940e-02
 -2.75305808e-02 -2.57950532e-03  1.30031463e-02 -3.61639191e-03
  2.71750186e-02  2.34111100e-02  3.04384390e-03  1.07328957e-02
  5.22759333e-02 -2.95684636e-02  8.08824524e-02  5.45758717e-02
  3.82455178e-02 -7.50187505e-03  3.17758732e-02 -1.79210342e-02
 -3.34486738e-02 -1.11126155e-02 -1.72696598e-02 -3.94617720e-03
  8.84312205e-03  1.99483968e-02 -5.30263670e-02  4.90620546e-02
  3.20648663e-02 -1.37240086e-02 -7.80329332e-02 -2.61561163e-02
  1.28742484e-02 -7.10168248e-03 -4.64821979e-03  4.93676253e-02
  1.50664942e-02 -1.73025411e-02 -4.62353453e-02  2.64808238e-02
  1.86334550e-02  5.16512170e-02 -2.58203745e-02 -1.18370242e-02
  2.00415980e-02 -3.38109583e-02  8.15505534e-02  4.98542972e-02
 -3.09504271e-02  4.62287804e-03  3.50679308e-02 -1.36124194e-02
 -3.18922624e-02  2.15662327e-02 -2.73272730e-02  3.22140455e-02
  2.95198318e-02 -1.27790228e-03 -2.30263751e-02 -3.02385800e-02
 -1.78023052e-04 -6.84944307e-03 -5.71207777e-02 -2.58198027e-02
  1.50111113e-02 -3.07831950e-02  1.16135431e-02 -7.18806032e-03
 -3.76158170e-02 -4.43583913e-03 -2.75562610e-02  5.94209041e-03
  8.69625807e-03  3.62547711e-02  7.30726570e-02  4.85225506e-02
 -1.72575656e-03 -1.69463400e-02  7.55990297e-02  1.47320777e-02
 -2.35018544e-02 -1.47412550e-02 -3.21447296e-04 -3.49784340e-03
 -2.92290263e-02  5.97547665e-02 -5.25389984e-02 -1.67452581e-02
 -4.55076173e-02 -6.42962754e-02 -1.58639029e-02  1.71918459e-02
  4.54838667e-03  1.52175054e-02  4.32370305e-02  5.32942787e-02
 -2.45396164e-03  1.02902297e-02  1.53906848e-02  2.89008953e-02
  1.98627952e-02  4.01129499e-02  3.04829590e-02  1.78984888e-02
  3.47124822e-02  4.63408045e-02 -5.08130379e-02  2.76916232e-02
  2.50464119e-02  2.57886406e-02  3.18690995e-03  5.39620295e-02
 -6.00716285e-02 -2.20745560e-02  5.35261706e-02 -4.30863462e-02
  1.40458550e-02  5.80690503e-02 -1.65222939e-02 -3.72463136e-33
  5.41578233e-02 -6.07358813e-02  2.78690457e-02 -2.77188187e-03
  2.54076682e-02  7.67019251e-03 -1.57770123e-02  3.05402130e-02
  6.11302257e-02  1.38625726e-02 -4.81612701e-03 -4.93870601e-02
 -4.03642189e-03 -1.71162020e-02 -2.47112624e-02 -4.22111861e-02
 -3.85613367e-02 -1.23067973e-02  3.98413353e-02  3.79190296e-02
 -6.80627003e-02 -5.33090532e-02  9.38480371e-04 -1.59885995e-02
 -1.06423721e-03  1.10495193e-02 -1.19879958e-03  2.75451988e-02
  2.77483705e-02  1.35955904e-02  1.66647993e-02  2.20228289e-03
  2.57311072e-02 -3.98967490e-02  4.90723066e-02  2.73706522e-02
  2.12139357e-02  1.42357592e-02  2.02504359e-02  6.38555642e-03
  2.68641952e-02  2.13108175e-02  6.24686256e-02 -6.89205676e-02
  3.80477235e-02 -6.73623849e-03  1.21139437e-02 -3.86026502e-02
 -4.41371128e-02  2.08035316e-02 -9.24750697e-03 -2.51083858e-02
  1.00642266e-02  4.39908504e-02  1.06067695e-02 -3.47941816e-02
 -2.91708224e-02 -1.18462201e-02 -5.48576284e-03  2.95777228e-02
 -1.61347017e-02  1.84013378e-02 -1.46012101e-02 -1.69051643e-02
 -4.91692033e-03  2.67758630e-02 -9.81168635e-03 -2.57195048e-02
 -7.21685663e-02 -1.64233558e-02  1.78954713e-02 -1.15500242e-02
  1.89643726e-02 -2.85099111e-02 -8.33556335e-03  1.76886171e-02
  1.12991896e-03 -4.58874591e-02 -5.85206524e-02 -6.33140951e-02
  2.92265862e-02  8.88810772e-03  3.00569441e-02  2.96347938e-03
 -7.40156928e-03  6.77941442e-02 -4.19440344e-02 -2.45249961e-02
 -9.69848968e-03 -4.25436795e-02 -8.03960413e-02 -1.85642415e-03
 -4.18278426e-02 -1.18300822e-02 -5.19411340e-02  1.86059248e-33
  1.36670116e-02 -3.92173417e-02  4.68241759e-02 -1.76943317e-02
  3.10787894e-02 -3.24554220e-02  5.83813414e-02 -3.88522148e-02
  2.22072359e-02  1.97656080e-02  5.19355945e-02  3.57099809e-02
  1.00854691e-02 -1.67852025e-02  4.68898192e-02  2.61962656e-02
 -3.47080752e-02  3.06855943e-02 -3.23831104e-02 -2.79724393e-02
 -4.72631752e-02  6.46985769e-02  4.51817503e-03 -1.78232659e-02
  3.73318270e-02  1.30763324e-02  5.05339634e-03  6.61962628e-02
 -5.75779937e-03 -4.28764150e-02  3.24265622e-02  3.78003647e-03
 -6.45989403e-02 -2.19098683e-02  8.24079290e-03  2.07556109e-03
 -4.36642282e-02  2.17813291e-02 -4.37886156e-02  3.15729715e-02
  6.71705138e-03  1.97836906e-02  2.73134112e-02 -2.16191225e-02
  5.80624156e-02  6.92915200e-05  1.42804487e-02 -3.82317463e-03
 -2.17930879e-02  1.40390769e-02  7.83330202e-03 -1.78887956e-02
 -3.48566845e-03  4.89636436e-02  3.01469564e-02 -2.47240756e-02
  2.03623809e-02 -5.52703366e-02 -3.83979157e-02 -2.13288479e-02
 -4.11779508e-02 -1.00963879e-02  1.72440929e-03 -2.36995821e-03
  3.11635733e-02  1.22002084e-02  4.23628800e-02  1.42770214e-02
  6.68988675e-02  2.04444006e-02  1.19868142e-03 -4.73258644e-02
 -1.08494107e-02  9.02040768e-03 -1.15836216e-02 -2.73398198e-02
 -9.64117702e-03  4.60698269e-02 -4.31692116e-02 -4.41859365e-02
 -7.88123757e-02 -5.50925639e-03 -1.52816123e-03 -8.24679881e-02
 -6.82730675e-02 -1.02655599e-02 -3.09164524e-02 -4.08573374e-02
 -1.44895690e-03  8.27395841e-02 -4.12619412e-02  7.71216769e-03
  1.49892573e-03 -5.45589030e-02  1.87672693e-02 -1.51989319e-08
  5.81962653e-02  2.82158772e-03  1.99416140e-03  3.85202989e-02
 -9.89043899e-03 -3.25688235e-02 -1.12156766e-02  3.88391837e-02
  6.87921187e-03 -2.60127075e-02  4.71208766e-02  6.53126389e-02
  5.37605956e-02  8.51519592e-03 -3.77267860e-02 -4.25718352e-02
  5.15287444e-02  3.49339768e-02 -2.22768486e-02  1.36876674e-02
 -5.04636355e-02 -3.02797072e-02 -4.30240706e-02  1.54760387e-02
  1.50532899e-02 -3.55789028e-02  4.33487073e-02  2.41517387e-02
 -2.48177536e-03  4.23986604e-03  4.35972884e-02  3.80934477e-02
  2.86058933e-02  2.71674059e-02 -1.42654823e-02 -5.38836941e-02
  4.34323885e-02  1.05672935e-03 -1.81983244e-02 -7.43149593e-03
 -2.14813985e-02 -6.19351849e-05 -1.16475578e-02  2.34165825e-02
 -1.77981220e-02 -7.87782297e-03  2.83815153e-02  9.29429568e-03
  3.08122691e-02 -4.52944776e-03 -2.43628658e-02  5.10597304e-02
 -3.96589339e-02  4.80058789e-03 -1.50782317e-02 -1.32759530e-02
 -6.36775419e-02  7.79922027e-03 -2.56785490e-02 -4.18814085e-02
  2.04257071e-02 -4.33500446e-02 -2.72913072e-02 -5.80657646e-02]
Understanding Diabetes & Risks
[-7.82687683e-03  1.14763994e-03 -4.47878018e-02  6.72385842e-02
 -1.50580471e-03 -2.26678085e-02  5.13946190e-02  2.28932761e-02
 -1.98892895e-02 -2.52669863e-02 -4.50586155e-02  3.78586948e-02
 -3.98104340e-02 -5.89093054e-03 -2.07396206e-02 -2.93468293e-02
  2.42548101e-02 -2.88252421e-02  3.98605177e-03  4.12785448e-02
  4.78054732e-02  1.93640888e-02  2.59317867e-02  3.03014722e-02
  1.74909867e-02 -3.87290493e-03 -6.47696247e-03 -8.64637643e-03
 -1.87289454e-02 -1.20059447e-02 -3.43240909e-02 -1.70001741e-02
 -1.38809662e-02  3.05738207e-02 -4.47554700e-02  2.94597354e-02
  2.74670031e-02  2.38951249e-03 -6.64213821e-02 -2.08764318e-02
  3.91839072e-02 -1.76090058e-02 -8.63925461e-03  4.14641388e-02
  3.70038263e-02 -8.45352095e-03 -6.29826933e-02  2.18044706e-02
  6.12163823e-03  4.65508066e-02 -2.38055140e-02 -1.79194678e-02
  4.38626781e-02 -8.50098673e-03  8.04496184e-02  2.11155154e-02
 -6.28966540e-02  9.24977649e-04 -5.08228503e-03 -6.59460109e-03
 -6.31052703e-02  1.78651570e-03  1.92764425e-03  8.18383228e-03
  4.87827621e-02  7.20296428e-03 -5.26084891e-03 -4.35154773e-02
  2.05674190e-02 -8.33493075e-04 -5.36923409e-02 -4.15525436e-02
 -1.72031932e-02 -4.47308266e-04  3.44016477e-02  5.03588840e-03
 -3.35297659e-02 -8.39578547e-03 -2.71262191e-02  1.99820809e-02
 -1.73472278e-02  3.87691930e-02  5.93407378e-02  2.73326244e-02
 -1.99199412e-02 -1.08957347e-02  7.56089166e-02  2.69563459e-02
 -3.85100171e-02 -3.67264962e-03  1.41878391e-03  4.16015415e-03
 -1.00974459e-02  4.54998836e-02 -1.19259059e-02 -2.75734719e-02
 -2.19406225e-02 -7.47669339e-02 -1.98195837e-02  1.67684220e-02
 -1.41679291e-02 -3.20043638e-02  3.97879519e-02  3.37756686e-02
  5.10426518e-03  2.11057030e-02  8.19937326e-03  9.30910464e-03
  2.27362532e-02  1.68895293e-02  1.53696239e-02  3.31678391e-02
  5.84622398e-02  1.15312114e-02 -7.36277848e-02  3.68964067e-03
 -1.27921160e-02 -6.63044816e-03  3.58571038e-02  3.36595997e-02
 -2.26338394e-02 -3.43042351e-02  6.97967857e-02 -3.47338021e-02
  7.54859392e-03  6.30596131e-02  1.58059951e-02 -4.97720875e-33
  3.20385024e-02 -3.48953977e-02  2.08770297e-02  2.79950406e-02
  1.97748467e-03  2.84716189e-02 -1.42751839e-02  2.86777578e-02
  3.57925519e-02  5.95994899e-03 -1.46441872e-03 -3.82062495e-02
 -4.71872324e-03  1.11668240e-02  1.23087605e-02  5.95763791e-03
 -1.05248881e-03 -2.02747788e-02  1.55921653e-02  4.90547642e-02
 -4.09937501e-02 -3.69666377e-03  7.24948337e-03 -1.17838560e-02
  5.83555922e-03  4.88079479e-03 -1.14098918e-02  3.11774462e-02
  2.38347482e-02  8.77281278e-03 -3.41144693e-03  1.19663570e-02
  2.03579273e-02 -5.33577688e-02 -5.93569886e-04  1.64140854e-02
  2.72699781e-02  2.96042319e-02  2.01748032e-02 -2.82232072e-02
  1.91948749e-02  2.28094263e-03  3.42896879e-02 -3.31135914e-02
  4.08624783e-02 -2.57290248e-02  1.09089224e-03 -4.35663909e-02
 -5.80619164e-02  4.49201232e-03 -2.64824126e-02 -2.34532468e-02
  1.56871416e-02  3.69412303e-02  2.79079080e-02 -2.40265019e-02
 -9.43051465e-03  2.55524479e-02  1.42445918e-02  3.58582810e-02
 -7.81225134e-03  3.84327732e-02 -1.50717525e-02 -4.50509880e-03
 -4.24532108e-02  2.28293072e-02 -2.71441247e-02 -1.75993647e-02
 -3.34044062e-02 -3.96160819e-02  4.82016690e-02 -2.98281722e-02
 -1.29024687e-04  1.17536988e-02 -2.30171774e-02  1.55138280e-02
 -2.97969338e-02 -3.35101411e-02 -2.29173750e-02 -4.23538312e-02
 -2.64362488e-02 -7.95109384e-03  4.28084023e-02  5.43692010e-03
 -2.51290891e-02  4.12818193e-02 -2.37878095e-02 -1.37001052e-02
 -1.80785321e-02 -5.70072122e-02 -6.18961155e-02  2.16029398e-02
 -2.59292070e-02 -3.79068293e-02 -1.97080076e-02  1.61503428e-33
 -8.93475302e-03  1.54603142e-02  2.06908770e-02 -2.08708178e-02
  3.43064824e-03 -2.74621192e-02  3.10273282e-02 -2.74043437e-02
  5.34626981e-03 -1.82233693e-03  4.10799198e-02  3.98200341e-02
  2.33913679e-02 -1.89716537e-02  1.90711711e-02  3.26893665e-02
 -7.35095963e-02  2.23988537e-02 -1.46033969e-02 -2.05321535e-02
 -3.95410471e-02  8.53719842e-03  4.28002514e-03 -8.11244361e-03
  1.14986645e-02  2.21682880e-02  1.23360800e-02  4.46309932e-02
 -4.89642955e-02 -4.23203781e-02  2.83861123e-02 -1.22480085e-02
 -4.35405299e-02 -3.86672211e-03  7.85118621e-03 -3.95663045e-02
 -4.04398292e-02 -2.73196939e-02 -4.51639369e-02  1.05995703e-02
  2.89013591e-02  1.77803468e-02  5.96139813e-03 -8.25883634e-03
  5.04979379e-02 -2.01674923e-02  3.61300521e-02  1.29500898e-02
  4.02993262e-02  7.77203497e-03 -1.12508731e-02  1.52700795e-02
  3.60187553e-02  3.52799185e-02 -1.50252255e-02 -4.29875813e-02
  9.82284360e-03 -4.09306325e-02 -4.29062620e-02  8.42596591e-03
 -3.03530134e-04 -4.44124416e-02  9.04670171e-03  1.16305519e-02
  2.25138329e-02 -1.85629390e-02  4.27278988e-02  1.40338729e-03
  7.59218857e-02  5.92524931e-02  2.43527628e-02 -2.04064958e-02
 -5.11463396e-02 -9.26329382e-03 -1.25239911e-02 -2.04054955e-02
 -6.16743043e-03  7.28073716e-02 -9.45590343e-03 -5.63489422e-02
 -6.52642921e-02  3.79214576e-03  2.56583840e-02 -5.75339310e-02
 -4.64897417e-02 -2.11523734e-02  7.83597864e-03 -5.54068759e-02
 -1.61269610e-03  5.24058565e-02 -2.73417234e-02  2.44857688e-02
 -4.05199155e-02 -5.72528653e-02 -2.89218929e-02 -1.79205344e-08
  7.28526488e-02 -1.19281858e-02  1.45843700e-02  2.36912109e-02
 -2.55055521e-02 -7.88754597e-03 -4.66147885e-02  3.16708274e-02
  2.91908775e-02 -9.37050954e-03 -3.92943388e-03  5.85389212e-02
  2.89830770e-02 -4.05048840e-02  9.82321985e-03  6.81310752e-03
  9.75530315e-03  3.25336941e-02 -3.06274109e-02  1.77430809e-02
 -5.40481023e-02 -2.11270489e-02 -1.98856369e-02  2.10234709e-02
 -2.29344852e-02 -1.46496017e-02  2.60765664e-02 -3.26050067e-04
 -1.95560511e-02  2.43703579e-03  2.52109114e-02  2.42988244e-02
  4.62981835e-02  2.39212178e-02 -8.64148606e-03 -4.32272553e-02
  3.27270590e-02  1.06720757e-02 -2.21613161e-02 -3.80459875e-02
 -9.70617216e-03 -1.02693411e-02  8.56193132e-04  3.26263458e-02
 -1.21500669e-03 -1.39257982e-02  5.05409017e-02 -3.25326622e-03
  3.70487943e-02 -1.36915473e-02 -1.34653579e-02  5.24544902e-02
 -2.12722477e-02 -4.28867200e-03 -3.78627256e-02  7.06556160e-03
 -7.86854923e-02  1.69039834e-02 -5.16333152e-03 -4.03055698e-02
  3.70166898e-02 -2.43574809e-02  3.14848870e-02 -2.20022760e-02]
Medication & Monitoring
[-2.22081356e-02  3.46256932e-03 -6.76509142e-02  4.32660244e-02
 -2.35635638e-02 -7.05089932e-03  8.54188297e-03  3.95264253e-02
 -2.62366445e-03 -3.04523055e-02 -7.39517584e-02  5.34588471e-02
 -6.58946708e-02  3.67436670e-02 -2.46244799e-02 -7.24624423e-03
  3.67473299e-03  6.28953800e-04  4.37474325e-02  1.66531187e-02
  7.96250813e-03 -2.12535430e-02  6.36426136e-02  5.52280843e-02
  3.74103673e-02  1.46439299e-02 -4.04559309e-03 -1.95100177e-02
 -1.11897290e-02  2.45999694e-02  9.70103312e-03 -1.10676205e-02
  1.56200361e-02  4.40758504e-02 -4.12276015e-02  6.08538017e-02
 -8.38129036e-03  1.26441075e-02 -7.93771893e-02  3.01831588e-03
  2.31452547e-02 -4.72487397e-02 -8.76211561e-04  5.03305495e-02
  9.87443049e-03 -5.83196953e-02 -3.88473086e-02  7.41118472e-03
  3.39837074e-02  5.07705137e-02 -2.23200340e-02 -5.61048165e-02
  6.90407678e-02  2.56937044e-03  6.50390834e-02  2.42084321e-02
 -3.21359746e-02 -1.86304729e-02  2.80412007e-02 -2.68625263e-02
 -5.19100800e-02  2.04315633e-02 -1.45654362e-02 -4.47474420e-03
 -1.27644911e-02  3.66547145e-02 -1.31892571e-02 -1.21894702e-02
  7.31229633e-02  3.24392393e-02 -5.94548881e-02 -1.92336086e-02
  1.00487610e-02  7.07542105e-03 -1.68696921e-02 -5.19986777e-03
 -1.64990723e-02 -3.06580365e-02 -1.02572562e-02 -1.09370425e-03
  3.24711530e-03  2.54573785e-02  4.74041626e-02  4.73300107e-02
  2.29662191e-02 -7.68475328e-03  7.15270713e-02  3.28039713e-02
 -2.16137152e-02 -4.42363732e-02  2.83416770e-02  3.42291631e-02
  5.77848032e-03  4.51189019e-02 -3.58823352e-02 -2.69326139e-02
 -4.42083292e-02 -5.68425469e-02  9.94058140e-03  1.18470872e-02
  5.97978663e-03 -2.94679832e-02  2.87772734e-02  4.90550622e-02
 -1.16046453e-02 -2.41220500e-02  9.09104291e-03  1.36820953e-02
  8.53097625e-03  2.27185674e-02  4.56253290e-02  2.82347705e-02
  4.20423150e-02  3.50515470e-02 -4.98258658e-02  3.54120806e-02
 -1.07228234e-02  8.43460672e-03  4.20162082e-02  7.16287717e-02
 -1.49700688e-02 -2.54943152e-03  6.02377169e-02 -3.73820998e-02
  6.24945350e-02  8.05355534e-02  4.60299663e-02 -4.21743275e-33
  3.28640379e-02 -3.13572586e-02 -6.82862429e-03  2.79503074e-02
 -1.53223146e-02  5.51176928e-02 -1.88598745e-02  5.07062897e-02
  5.15024252e-02  1.13676405e-02 -2.01794151e-02  1.29091740e-02
 -3.58916335e-02  9.69262887e-03 -1.77961942e-02 -9.99318901e-03
  2.39483844e-02 -1.38552291e-02  4.50092927e-02 -1.21165463e-03
 -7.50418380e-02 -7.19168410e-02 -2.14168755e-03 -6.30656537e-03
  5.80401206e-03  1.01213017e-02  2.73762364e-02  7.11954236e-02
  3.25236283e-02 -3.54797835e-03  2.18932275e-02  1.77895918e-03
  1.35894800e-02 -4.18607332e-02  2.90196459e-03  3.86365838e-02
 -1.50954556e-02  3.53638642e-02  6.33596163e-03  5.53605903e-04
  4.80298363e-02  4.07767817e-02  6.28796145e-02 -4.80780266e-02
  4.82791252e-02  2.77792965e-03 -3.20973471e-02 -2.51952466e-02
 -3.73868756e-02  2.06745435e-02 -1.04632368e-02 -3.52529995e-02
 -2.26185899e-02  4.78767566e-02 -3.19998455e-03  1.91138498e-02
 -4.68150415e-02 -4.00201306e-02  1.49961933e-02 -9.03842039e-03
 -2.76726689e-02  5.08726714e-03  8.48667405e-04  6.13859575e-03
 -2.87615936e-02  6.24188259e-02 -1.62619893e-02 -9.06952750e-03
 -6.70108274e-02 -1.81783978e-02  1.35568874e-02 -3.38680670e-02
 -7.93551840e-03  4.24332637e-03 -9.45253856e-03  8.44760798e-03
  2.93798558e-02 -9.05490573e-03 -3.40146124e-02 -3.14331278e-02
  8.68229270e-02 -3.70188728e-02 -3.30886128e-03  7.22833723e-02
 -1.31383045e-02  3.57445069e-02 -4.38797139e-02 -3.80718820e-02
 -3.24841142e-02 -1.08788013e-02 -1.02110028e-01 -2.65020854e-03
 -2.27835719e-02 -1.68898236e-02 -6.10906668e-02  2.01647001e-33
  2.04492453e-02 -4.96508833e-03  7.03873336e-02 -1.94467008e-02
  3.34155522e-02 -1.59105868e-03  5.64029329e-02 -5.99413514e-02
  3.42013240e-02  3.76556702e-02  4.92975488e-02  5.31545877e-02
  1.70514919e-03 -1.76908765e-02 -1.34714898e-02  6.08082935e-02
 -6.33201972e-02 -3.37205492e-02 -4.66468222e-02 -1.39099183e-02
 -7.15488717e-02  4.44220230e-02 -2.85720639e-02 -3.25721614e-02
  3.81979942e-02  1.82475280e-02  1.46830287e-02  4.64247689e-02
 -2.57406067e-02 -1.78224109e-02  1.72401853e-02 -2.92192269e-02
 -4.65991162e-02 -7.33103901e-02 -4.87570744e-03 -1.70382597e-02
 -3.03501617e-02 -1.16823269e-02 -1.97401159e-02  4.37860191e-02
  3.95001582e-04  4.32475917e-02  1.22934328e-02 -7.90918246e-03
  3.26574408e-02 -6.72917161e-03  1.60486232e-02  1.15332734e-02
 -2.20224019e-02  2.56094839e-02 -4.55233157e-02  1.10455230e-02
  2.91283545e-03 -2.35341745e-03 -1.42404996e-03 -1.00175878e-02
  9.66722611e-03 -8.74882657e-03 -4.72084321e-02 -2.78109219e-02
 -2.99675427e-02 -3.61966304e-02 -1.49679352e-02  9.22128838e-03
  2.93892506e-03  5.35373157e-03  5.38718924e-02  2.06062067e-02
  6.70246407e-02 -1.05034737e-02  1.41468272e-02 -2.78527644e-02
 -1.74262524e-02 -1.49511015e-02 -3.71714532e-02 -4.28666137e-02
 -1.67734530e-02  5.65643702e-03 -1.75536927e-02 -8.00166652e-02
 -6.62227497e-02 -4.90851961e-02 -1.19957244e-02 -4.85230312e-02
 -4.90997061e-02 -1.97048932e-02 -1.21448108e-03 -5.88255823e-02
  8.52812734e-03  6.50033727e-02 -3.40544507e-02 -2.06224737e-03
 -2.79603191e-02 -4.19812799e-02  2.32579466e-02 -1.59645506e-08
  3.69429179e-02 -4.72260499e-03  4.00611125e-02  5.09415567e-02
 -2.26918608e-02 -3.63056101e-02 -2.75010075e-02  1.61037985e-02
 -2.98582972e-03 -2.64608208e-02  5.24833538e-02  7.30699524e-02
  2.73339986e-03 -1.00984750e-02 -5.99069633e-02 -2.25491729e-02
  4.71674427e-02  2.03041006e-02 -2.72424966e-02  5.03342748e-02
 -6.86219335e-02  9.61666368e-03 -3.11370641e-02  1.73703227e-02
 -1.31935561e-02 -2.21551377e-02  7.86418542e-02  2.46164519e-02
  3.38057359e-03  1.08265849e-02  5.43826856e-02  4.92630675e-02
  7.35037103e-02  1.19791580e-02 -4.05338891e-02 -4.04794291e-02
 -6.42838003e-03  1.48189412e-02 -1.06058735e-02  2.31347652e-03
 -1.53443320e-02  7.74777168e-03 -1.21647585e-02  3.49785537e-02
 -5.18246554e-02 -1.83790345e-02  2.63879839e-02  3.06200683e-02
  3.62130404e-02  7.99468812e-03 -1.57024078e-02  4.70142551e-02
 -2.93567572e-02 -1.72272399e-02 -9.16856527e-03 -5.03599318e-03
 -4.33785878e-02 -9.43507068e-04 -4.06661108e-02 -4.60694358e-02
 -1.60744693e-02 -6.45193085e-02  1.93919556e-03 -6.52292147e-02]
Complications & Symptoms
[-1.94620481e-03 -6.95395051e-03 -2.67287027e-02  8.17716196e-02
  6.41509658e-03 -4.17404771e-02  6.56864643e-02  2.08266582e-02
  6.59651635e-03 -8.08405410e-03 -7.11615160e-02  2.69778818e-02
 -3.73457782e-02  2.20823195e-03  9.58532746e-06  5.55291772e-05
 -4.24967054e-03 -2.13460978e-02  3.32753882e-02  6.02535270e-02
  5.86720519e-02 -4.32631001e-04  3.60817760e-02  3.07973027e-02
  1.47279948e-02  1.14397565e-02  4.13813181e-02 -8.72452836e-03
 -3.13284956e-02 -3.29450555e-02 -6.16667718e-02  1.92951169e-02
 -2.12100018e-02  3.99143472e-02 -1.77289564e-02  4.90621142e-02
 -7.74938567e-03 -9.59277991e-03 -7.24209249e-02 -2.45580599e-02
  3.33799534e-02 -2.27724966e-02 -7.29572633e-03  3.85527723e-02
  2.88686175e-02 -2.23118020e-03 -4.53323126e-02  1.61002260e-02
  3.48404907e-02  6.11114204e-02 -1.26498854e-02 -1.16417967e-02
  5.72213344e-02 -2.16796827e-02  6.57166466e-02  2.05096826e-02
 -4.39970978e-02 -2.33629495e-02  3.08759194e-02 -3.59444730e-02
 -7.15294480e-02  4.75850590e-02 -1.23094879e-02 -9.09942109e-03
  2.61199754e-02  8.09156045e-04 -9.71520785e-03 -3.73375490e-02
  1.63614806e-02 -3.72625515e-03 -6.97295591e-02 -4.03893776e-02
  2.65323487e-03 -4.41986918e-02  5.49156731e-03 -1.36673069e-02
 -1.81431696e-02 -2.62753386e-02 -1.84136648e-02 -7.71193812e-03
  1.23968944e-02  4.45861779e-02  5.67333847e-02  7.86229875e-03
 -2.72435322e-02 -1.90534033e-02  9.57393870e-02  1.46885030e-02
 -3.50570083e-02 -7.84568023e-03 -1.10396734e-02 -3.27411876e-03
 -9.85130109e-03  4.07684259e-02 -3.04850321e-02 -1.18856030e-02
 -3.81358862e-02 -6.33864179e-02 -3.64720486e-02  2.29071826e-02
 -1.04321288e-02  2.77897902e-03  2.64751762e-02  7.29066208e-02
 -1.71192177e-03  5.98254353e-02  2.88364589e-02  2.34691817e-02
 -1.01639563e-02  1.05919419e-02 -5.06509980e-03  2.99102906e-02
  1.74772199e-02  1.18761146e-02 -8.42910185e-02  3.78952525e-03
 -1.41432257e-02  9.68924910e-03  1.65913552e-02  4.89903986e-02
 -3.24325301e-02 -2.33499091e-02  4.71488535e-02 -3.40051465e-02
  2.81934347e-03  6.40171766e-02 -2.40410045e-02 -5.00453055e-33
  7.45655745e-02 -2.89738532e-02  9.70218051e-03 -7.39046559e-03
  3.59189324e-02  1.45147042e-02 -1.08936215e-02  5.76547682e-02
  2.62443870e-02  1.24130270e-03 -3.20302509e-02 -4.00486551e-02
 -3.49408761e-02 -1.41867399e-02 -3.97592150e-02 -3.12497746e-02
 -1.14700543e-02 -6.85164100e-03  4.20702212e-02  1.86349023e-02
 -8.77156034e-02 -2.69233566e-02 -1.97341875e-03  1.21785551e-02
 -3.69367860e-02  4.36660601e-03 -3.93297970e-02  3.74566689e-02
  2.70923954e-02  1.14168050e-02  2.69675124e-02 -3.66772781e-03
  3.33299004e-02 -4.77493256e-02  4.73985858e-02  2.53887847e-02
  3.80842127e-02  6.93245530e-02  1.51974373e-02 -1.15091754e-02
  1.60771478e-02  9.75211989e-03  3.96367870e-02 -4.80357967e-02
  2.76724398e-02  1.34274103e-02  9.87383537e-04 -2.23538931e-02
 -4.19687144e-02  3.54746766e-02 -3.82859297e-02 -9.17712320e-03
  2.51648370e-02  6.53924271e-02  1.48900524e-02 -3.80168646e-03
 -1.36980722e-02 -3.17284241e-02 -7.09438091e-03  2.75813732e-02
 -3.13814692e-02  3.64493877e-02  3.43466434e-03 -2.11846214e-02
 -2.29012733e-03  2.20637266e-02 -1.34426840e-02 -2.03863550e-02
 -6.84185922e-02 -2.44630799e-02  2.46413648e-02  5.59470151e-04
  2.36856584e-02 -1.33964270e-02 -2.88807694e-02  1.32497875e-02
 -1.44211901e-02 -2.20419858e-02 -7.41386786e-02 -8.67180526e-02
  6.45541446e-03 -2.32939105e-02  7.15699792e-02  2.92751789e-02
 -1.18765037e-03  4.00696583e-02 -4.19555120e-02 -1.94623284e-02
 -7.58076087e-02 -3.91350649e-02 -5.46392500e-02  1.88100152e-02
 -6.74893521e-03 -3.23543698e-02 -4.43930440e-02  1.92318921e-33
 -2.26543960e-03 -1.33857233e-02  3.35931964e-02 -2.04582009e-02
  4.88647120e-03 -2.77343541e-02  4.74985093e-02 -7.58645684e-03
 -5.06986910e-03  2.45525297e-02  5.93519993e-02  2.12952551e-02
 -1.63140465e-02 -6.50643231e-03  1.68847460e-02  3.12098488e-02
 -1.54082701e-02  3.22885364e-02 -7.64682889e-04 -2.08579004e-02
 -7.83269629e-02  6.88460693e-02  1.10483849e-02 -1.97382942e-02
  4.63898964e-02  1.03842737e-02  1.84826776e-02  2.13891324e-02
 -7.68149719e-02 -9.35010612e-04  3.00687328e-02  2.32917760e-02
 -5.12933731e-02 -1.19595872e-02  5.65161975e-03 -2.30989214e-02
 -8.16231593e-02 -2.79834326e-02 -3.62694971e-02  4.00384925e-02
  2.10521016e-02  2.27407869e-02  3.20193283e-02  5.52195124e-04
  7.76681677e-02 -1.29089812e-02 -3.89078422e-03  1.85802765e-03
 -4.59767366e-03  3.77021916e-02 -1.50763541e-02  1.51501475e-02
  4.07245848e-03  3.21677178e-02 -1.31712221e-02 -6.87163696e-03
 -1.14830276e-02 -8.25296622e-03 -2.33750362e-02 -7.59726018e-03
 -5.04529523e-03 -2.69173775e-02 -3.16812210e-02 -3.11389714e-02
  5.20917885e-02  1.11426562e-02  7.28775933e-02 -2.74147349e-03
  1.33506075e-01  3.24474871e-02  2.50877757e-02 -2.84306407e-02
 -5.02802394e-02  2.66638193e-02 -1.95749849e-02 -2.27925759e-02
  7.85603095e-03  6.31017461e-02 -1.82402208e-02 -6.54616877e-02
 -6.27025366e-02  4.75273514e-03  1.17853135e-02 -5.96161000e-02
 -1.05248988e-01 -2.67588701e-02 -3.37099866e-03 -3.18002440e-02
  5.77863120e-03  3.97872888e-02 -3.00453659e-02  1.72997303e-02
 -4.04142402e-02 -2.52098087e-02 -1.01419706e-02 -1.71583210e-08
  2.56681051e-02 -5.89615665e-04 -2.55513042e-02  3.32957096e-02
  6.19866140e-03 -2.57497956e-03 -4.07423219e-03  4.21260633e-02
 -1.21047273e-02 -6.13664202e-02  2.63142288e-02  6.47891462e-02
  1.91648230e-02 -5.05297678e-03  9.21340007e-03 -6.10772753e-03
  1.27193620e-02  4.89835776e-02 -3.45209427e-02  2.26063025e-03
 -4.27688360e-02 -4.87888837e-03 -1.22090476e-02  2.01314166e-02
 -6.50913501e-03 -3.92758958e-02  4.11004648e-02 -1.51078254e-02
 -1.85020603e-02  1.90884562e-03  4.49048579e-02  4.23912220e-02
  3.72908078e-02  2.10728571e-02 -2.31937710e-02 -2.16292366e-02
  8.11491627e-03  1.05682388e-02  9.57332551e-03 -8.58416967e-03
 -3.40779796e-02  2.40566730e-02 -3.85897644e-02  1.86503995e-02
 -2.29796916e-02 -1.51526658e-02  8.85104164e-02 -6.78406423e-03
  7.26508871e-02  1.71672425e-03 -3.48779187e-02  8.24932680e-02
 -1.87976621e-02  2.30717589e-03 -7.48382357e-04 -1.68167874e-02
 -6.86882883e-02  4.11604531e-02 -1.54184289e-02 -5.80162443e-02
  3.91392037e-02 -4.27940339e-02 -3.91506515e-02 -4.74614017e-02]
Emotional Support & Mindset
[ 4.15021516e-02  2.49947570e-02 -1.67154521e-02  3.21305543e-02
  2.26865634e-02 -1.84485838e-02  6.51281923e-02 -1.19233457e-03
  4.68865447e-02 -2.84125023e-02  3.80829014e-02 -4.64148447e-02
  6.20409660e-03 -2.09422912e-02 -3.69857997e-04 -4.14708927e-02
  8.43955204e-03 -2.31020115e-02 -3.36626656e-02 -1.33856116e-02
 -4.33097854e-02  1.12170354e-03  4.47027497e-02  5.17505687e-03
 -1.88014656e-02 -1.89608466e-02  5.55677041e-02 -6.60043955e-02
 -8.08780454e-03 -1.47209745e-02  1.86078064e-02 -2.38894112e-02
  9.36808586e-02  1.50533328e-02 -5.97911328e-02  1.88231301e-02
 -4.73160818e-02 -1.25066582e-02 -1.59340445e-02 -1.45856328e-02
  1.56664811e-02 -2.14144494e-02 -8.10341164e-03 -4.52885628e-02
 -5.78826219e-02 -1.14694787e-02  8.73015821e-03  2.32697260e-02
  7.86946565e-02 -4.55445200e-02 -1.20456042e-02 -1.02102440e-02
 -2.71758698e-02 -3.22579034e-02 -1.68900751e-02  3.59044150e-02
  7.17942864e-02  5.71183488e-02 -2.58739833e-02  1.29062133e-02
  3.13440785e-02  1.12403408e-02 -3.57818827e-02 -1.52993500e-02
  4.96624634e-02  6.89454898e-02 -2.08514705e-02  2.38373093e-02
 -4.82922308e-02  3.89409699e-02 -3.62056941e-02 -3.17386389e-02
  6.10524230e-02  8.00397620e-03  1.94488242e-02  1.44010130e-03
  2.51684934e-02 -5.71731105e-02 -1.40388655e-02  3.25449295e-02
  1.82726439e-02  6.84106126e-02 -1.36643965e-02 -1.28630754e-02
  2.93427687e-02 -1.54033676e-03  1.62669178e-02  4.49052751e-02
  5.94082549e-02 -1.14284828e-03 -1.93902440e-02 -4.35496420e-02
  8.44499096e-04  5.38584217e-03  7.80403055e-03 -6.71778899e-03
 -7.20033869e-02 -1.37214363e-02 -1.98659897e-02  5.41076437e-02
 -3.94963101e-02  2.52583474e-02  8.21472052e-03  2.65481509e-03
  3.66098508e-02  3.07534598e-02 -3.08073871e-02  1.26379766e-02
  1.38160521e-02 -4.45317477e-02  1.18734557e-02  2.15946902e-02
  3.70485336e-02  1.25883101e-02 -6.14314750e-02 -4.85422555e-03
 -1.59926564e-02  2.62823757e-02  5.05730044e-03  1.44081851e-02
 -4.01818827e-02 -1.95855666e-02  2.80986521e-02  3.64992907e-03
  4.76390496e-03 -9.25385207e-03  2.96101756e-02 -3.55657865e-33
  2.55964566e-02 -7.87729025e-03  5.66706359e-02 -1.29272435e-02
 -3.34702879e-02  1.01696616e-02 -5.38739152e-02  1.63591877e-02
  4.00973149e-02  1.68176629e-02  3.02743427e-02 -3.82966585e-02
 -3.74715701e-02  3.07301246e-03 -3.30392160e-02 -6.54412434e-02
 -7.00376034e-02 -3.45212221e-03  2.38921102e-02  7.02999905e-02
 -1.52869131e-02 -7.24303871e-02 -1.80335287e-02 -1.62100047e-02
 -3.15786190e-02 -1.69831123e-02 -2.45392472e-02  7.37589784e-03
 -2.31752526e-02  2.77832430e-03 -1.64139457e-02  1.53496601e-02
  4.51337621e-02 -4.94419709e-02 -3.30337510e-02  8.85843486e-03
  6.61561936e-02  4.19935361e-02 -2.83007324e-03 -8.23932290e-02
 -5.55263460e-03  2.25630868e-02 -3.66379954e-02  3.07914466e-02
  3.02396715e-03  1.76862180e-02  3.00895218e-02 -7.45051354e-02
 -7.32460022e-02  5.74258491e-02  3.09093408e-02 -3.84543836e-03
  5.70350699e-02  1.66032705e-02 -5.09279221e-02 -5.25092483e-02
 -8.48684460e-03 -1.18057244e-02  2.54269931e-02 -4.42448445e-02
  4.64618206e-04 -1.63410474e-02 -8.11373144e-02 -1.97885633e-02
 -5.65704629e-02  7.06481561e-02 -1.44499578e-02 -3.24369743e-02
 -2.88026091e-02  5.81354648e-02  2.03112178e-02  1.00892261e-02
 -5.49819842e-02 -2.88429745e-02  5.92632703e-02  1.31440107e-02
 -4.24768031e-02 -3.66634242e-02  2.09605768e-02 -8.99245441e-02
  2.01776475e-02 -3.07453927e-02 -1.28574073e-02  4.59587574e-03
 -6.36089593e-04  3.31082866e-02 -5.27650565e-02 -2.44496837e-02
  3.95075567e-02  6.61481768e-02 -8.35638307e-03  2.14989427e-02
  7.18658119e-02  1.16730975e-02 -3.79055813e-02  1.94086864e-33
 -3.36882882e-02  2.96164071e-03  1.60571150e-02 -1.55176725e-02
 -6.29799068e-02 -2.50194203e-02 -3.46431546e-02 -5.75443953e-02
 -8.65291059e-02  5.61222285e-02  4.13604230e-02  4.18566260e-03
  6.62982017e-02  5.28626963e-02 -2.17871554e-02  1.71731636e-02
  7.15149194e-02  6.77222162e-02  1.35370158e-03 -1.27643898e-01
 -3.89501788e-02  4.71761748e-02  1.26687530e-02  3.47018521e-03
  2.23213341e-03  3.98918614e-02  4.11631316e-02 -8.78808834e-03
 -3.02936099e-02 -7.22384974e-02 -4.19375710e-02  2.49597300e-02
  2.13072933e-02 -2.32857969e-02  4.18118536e-02 -4.54940237e-02
 -1.59893185e-02  5.13121188e-02 -2.99133379e-02  1.31111229e-02
 -6.07503504e-02  6.09125663e-03 -5.64347394e-02 -4.23237309e-03
 -3.40819210e-02 -5.40141985e-02  7.68287778e-02 -3.61859128e-02
  2.19601803e-02  4.76363674e-02 -2.42807232e-02 -2.55317613e-02
  1.91114452e-02 -2.19503492e-02  1.39247067e-03  5.22981323e-02
 -1.87989864e-02 -5.35506569e-03  7.34462123e-03 -1.92964878e-02
 -6.38096929e-02  6.37948141e-03  1.53075941e-02  1.57547053e-02
  3.95040922e-02 -4.65528406e-02  3.97688374e-02 -1.48962727e-02
  6.06670566e-02  3.73510085e-02 -1.37892850e-02  1.56895109e-02
 -6.74862936e-02 -4.24650349e-02 -1.24888299e-02 -5.13354503e-02
 -3.49993110e-02  4.17018272e-02 -5.45640104e-03 -8.27915519e-02
 -2.15538368e-02  1.49760405e-02  8.36988539e-02 -5.39460555e-02
 -9.36449096e-02  2.56645009e-02 -3.56990919e-02  2.76944637e-02
 -3.18257743e-03  9.04017687e-02 -1.72324553e-02 -2.40007415e-03
 -3.08628120e-02 -3.08987405e-02  6.34111464e-02 -1.78067090e-08
  6.53367043e-02 -3.32980901e-02 -1.89828947e-02  5.71661592e-02
  6.21238202e-02 -5.21499664e-04 -3.80867906e-03 -9.69340838e-03
  3.10129859e-03 -1.62320733e-02 -1.91229745e-03  8.47217999e-03
 -5.38081490e-02  2.88861599e-02  2.35157069e-02  3.72430421e-02
  4.92616519e-02 -1.79536827e-02 -1.74944531e-02 -1.16545632e-02
  2.67549716e-02  3.90022062e-03  2.84315385e-02  2.37589106e-02
  6.19325135e-03 -9.73172672e-03 -4.04785201e-02  4.30225618e-02
 -3.66762169e-02 -5.32502262e-03  6.07986003e-02  6.43379986e-03
 -5.46496622e-02  2.39752680e-02  6.43327832e-02 -2.29432173e-02
  1.70228276e-02 -6.87547680e-03  6.20059185e-02 -1.62709393e-02
 -3.81942242e-02  3.52582298e-02  4.79490310e-02  4.69961241e-02
 -5.56476787e-02  5.35002425e-02  2.84876525e-02  5.35717010e-02
 -3.06244567e-03  1.70774087e-02 -6.25328114e-03  2.61803251e-02
  2.59686783e-02  6.31369054e-02  2.34020781e-03  8.57448019e-03
  4.69546244e-02  2.93500740e-02  1.21593308e-02 -3.66573520e-02
  7.13655725e-02  1.50859384e-02 -1.76231749e-02 -2.78095640e-02]
