Explicitly Mentioning Meal Logging
[-2.73479801e-02  7.72372484e-02  1.26700485e-02  3.61782797e-02
  1.47748913e-03  3.74055244e-02  1.23579346e-01 -3.68786901e-02
 -4.39534858e-02 -9.28389058e-02  2.33318377e-02 -7.40600601e-02
 -6.45246655e-02 -3.03899702e-02  4.83702496e-02 -6.86987862e-02
  8.24954882e-02 -2.12508850e-02 -1.53813083e-02 -1.18591134e-02
  7.14854756e-03  1.52786812e-02  6.74817562e-02  6.67209774e-02
  3.47353816e-02  1.95314772e-02 -6.60362944e-04 -6.03949055e-02
 -4.22561541e-02  1.83857046e-02 -5.18915020e-02 -1.13885989e-02
  1.85507946e-02  3.49919423e-02  4.68604220e-03 -4.35913131e-02
  4.01688628e-02 -1.82677340e-02  2.31607854e-02 -1.78892016e-02
 -1.35879368e-02 -5.56432828e-02 -9.13600717e-03  7.86549784e-03
 -3.72780487e-02 -3.77667025e-02 -4.94665541e-02  1.46142412e-02
  6.72465637e-02  6.78579286e-02 -8.36477131e-02 -4.09337692e-02
 -4.73748110e-02 -7.68976659e-02  6.84961379e-02  5.19703738e-02
  4.14607972e-02 -7.69819308e-04  5.51926764e-03  3.95564511e-02
 -5.09754159e-02 -3.64540890e-02 -5.67586254e-03  7.00719655e-02
  3.30697075e-02 -1.55173789e-03 -5.05204163e-02  7.49369636e-02
 -8.35368335e-02  3.70146856e-02 -8.65157992e-02  7.31787970e-03
 -3.13029103e-02 -3.40202823e-02 -6.06380589e-03 -5.75241223e-02
  2.79097576e-02 -4.49712798e-02  2.94411145e-02 -1.13105793e-02
 -3.65369581e-02 -4.42195758e-02 -1.57018900e-02  2.62122229e-02
  3.37644555e-02  3.38272704e-03  8.52559414e-03  1.28194792e-02
 -1.91535950e-02 -4.07615453e-02 -3.48207168e-02 -1.04111182e-02
 -1.75501965e-02  1.02927499e-02 -8.48565437e-03  1.86719559e-02
 -1.04184650e-01 -7.38421828e-02  5.83300507e-03  4.49627452e-02
  3.98768857e-02  4.82850149e-02  8.52578226e-03  3.57839726e-02
  8.10439233e-03 -6.44109026e-02 -3.62744816e-02 -2.34936867e-02
  1.66787580e-02 -1.11863762e-02  1.54681886e-02  4.13435623e-02
  1.69966388e-02 -2.67902575e-02 -5.58693474e-03  1.02496324e-02
  2.87391841e-02 -2.58110221e-02 -2.14154925e-02  3.93450595e-02
 -2.46711844e-03  5.18217646e-02 -4.93514352e-02  1.24818841e-02
  3.77060124e-03  9.54057265e-04  8.75281766e-02 -5.80598333e-33
  2.87786368e-02  2.39318870e-02  1.03565790e-01  2.15396341e-02
  9.49580893e-02 -1.50467623e-02 -4.28389125e-02  1.55491568e-02
  2.84174327e-02  3.61071900e-02 -1.49405953e-02 -3.49263214e-02
 -3.32447380e-05  1.47913657e-02 -7.28884246e-03  1.59772914e-02
 -1.63286589e-02  6.16332106e-02  8.94377455e-02  1.08286412e-02
 -9.13659111e-03 -5.76319024e-02  2.03164387e-03 -3.43253277e-02
  7.25914761e-02  2.61637289e-03  1.64972283e-02 -1.33134628e-04
  7.48846307e-02  1.56218559e-02  2.37145834e-02 -3.65444459e-02
 -1.30566983e-02 -5.19119985e-02  3.87739614e-02  1.84067916e-02
  8.34836345e-03  5.13023231e-03 -4.31424379e-02 -2.98731029e-02
  2.01110877e-02 -1.08412672e-02  1.54640172e-02 -1.28162540e-02
 -8.76177996e-02  2.20887270e-02  2.18309108e-02  8.06726664e-02
  4.23261197e-03  2.98191905e-02 -5.87104168e-03 -1.63179655e-02
 -3.43693383e-02 -7.11791217e-02 -2.06389800e-02 -1.20294355e-02
  3.64510082e-02 -5.62017187e-02  6.68483898e-02 -4.14924584e-02
  2.02388335e-02 -9.51598026e-03  1.03295865e-02  1.18445400e-02
 -2.02089194e-02  1.19984511e-03 -1.97406635e-02 -5.99197187e-02
  7.43396059e-02  1.89520586e-02 -5.55312559e-02 -5.29176258e-02
 -3.14750373e-02  2.10879613e-02 -1.51841911e-02 -6.62951078e-03
 -2.67867111e-02 -1.32180182e-02 -5.66170365e-02 -3.88900489e-02
  1.22256242e-01 -5.91008514e-02 -1.89041737e-02  7.04277009e-02
  4.88280872e-04  6.20882697e-02 -5.69885112e-02 -4.27052379e-02
 -7.63128931e-03  5.03786094e-02 -7.86683857e-02  1.30589521e-02
 -2.07406040e-02  3.42883058e-02 -6.03143722e-02  2.88038819e-33
  1.60690229e-02  2.25447770e-02 -4.32593785e-02  3.33579741e-02
  3.01132165e-02 -7.26301819e-02 -3.80590535e-03  3.96042643e-03
  5.63458875e-02 -1.72645748e-02 -1.71409175e-02  1.99951548e-02
  3.01394220e-02 -3.81868891e-02 -7.75546907e-03  7.61810318e-02
  8.13281070e-03 -2.33180411e-02  8.80465936e-03 -2.09550299e-02
 -8.81154537e-02 -2.40939464e-02  3.23797017e-02  2.48805024e-02
  1.28307315e-02  5.30462526e-02  8.79269689e-02  6.58110604e-02
 -6.71030283e-02 -7.45165348e-02 -4.59177094e-03 -1.21239319e-01
 -1.79806314e-02  1.22578209e-02  3.69201810e-03  2.00475771e-02
 -1.78966299e-02 -8.17924440e-02 -3.77659537e-02  1.19318198e-02
  3.91096361e-02 -5.18614566e-03 -2.97991987e-02  6.88080043e-02
 -1.56956166e-02  2.61196867e-03 -1.28377574e-02  5.96696418e-03
 -7.77289551e-03  5.04625551e-02 -1.05650462e-02 -4.18343320e-02
 -3.56152914e-02 -2.10479163e-02 -3.49959247e-02  8.56308714e-02
  2.76874192e-02 -1.47751020e-02  4.33623306e-02 -4.98540960e-02
 -6.96066171e-02  4.34832089e-02 -1.53901791e-02  2.84185596e-02
  2.90016886e-02 -6.14749156e-02  2.14198958e-02 -3.97425629e-02
  3.98871768e-03  7.39523035e-04  2.31190845e-02  1.86196659e-02
  2.49064937e-02  2.44962033e-02 -6.80603459e-02  2.47578193e-02
  1.94679049e-03 -5.53991459e-02 -5.41776344e-02 -3.41581553e-02
 -2.45978013e-02 -7.76427090e-02  3.89810838e-02  1.13163739e-02
  4.75030579e-02  1.57761690e-03 -3.55040431e-02  9.77081154e-03
 -2.40717214e-02  5.67753799e-02  8.44997354e-03  7.51952548e-03
  7.38708768e-03  2.68586283e-03  2.28419974e-02 -1.85878140e-08
  6.62649497e-02 -5.71206957e-02 -2.35471092e-02  2.73898020e-02
  5.67983612e-02 -4.59827483e-03 -1.84747931e-02  1.25281299e-02
  1.19203003e-02 -9.83692612e-03  5.50550297e-02  4.10302430e-02
  2.26490851e-03  2.23507080e-02 -1.85117987e-03  1.68872718e-02
  2.58571245e-02 -5.59470244e-02 -2.54958160e-02  4.21025939e-02
  3.38315740e-02  6.18391810e-03  3.44780162e-02 -1.43352849e-02
  5.80153391e-02  1.91089697e-02  2.84009650e-02  7.39772394e-02
  2.34758332e-02  3.99838462e-02  6.19076043e-02  4.37710546e-02
 -2.59603467e-02  2.11111400e-02 -1.90946981e-02 -5.27212173e-02
 -2.26707570e-02 -1.93843562e-02  3.38148288e-02 -9.11177173e-02
 -5.14514707e-02  2.90194545e-02 -1.18608326e-02  2.06377786e-02
 -5.00487946e-02  9.78389103e-03 -2.05620155e-02  5.44567592e-03
 -9.84351709e-03  3.41688246e-02 -3.23623717e-02 -2.20601633e-02
  7.73782581e-02  2.60842312e-02 -2.16914508e-02  1.75180826e-02
  4.41426374e-02 -7.71775395e-02  4.22419645e-02 -4.88930091e-04
  4.06505354e-02  7.62050003e-02 -6.08083084e-02 -9.85411629e-02]
Mentioning Specific Meals or Times
[-2.63439156e-02  8.15258324e-02  1.75368749e-02  2.94628944e-02
  8.64355173e-03  1.91140380e-02  1.28988445e-01 -4.34499793e-02
 -3.19641419e-02 -7.83093050e-02  6.99825445e-03 -6.09657839e-02
 -6.00254424e-02 -1.96497198e-02  5.23238257e-02 -7.30241463e-02
  6.22940548e-02 -2.81434953e-02 -7.23282108e-03 -7.17499712e-03
  1.44971935e-02  6.65556290e-04  5.57321310e-02  7.97894448e-02
  5.16193025e-02  3.09527330e-02  1.96354259e-02 -4.56263348e-02
 -3.42707261e-02  7.41083827e-03 -6.43019006e-02  6.05115434e-03
  8.30378570e-03  3.74731570e-02  1.03427451e-02 -4.84974310e-02
  3.96647230e-02 -2.16676705e-02  3.50730792e-02  1.77144783e-03
 -1.41722355e-02 -4.43028659e-02  9.35424105e-05  5.01865940e-03
 -4.59476374e-02 -2.95176990e-02 -3.92709486e-02  4.22079209e-03
  5.72037213e-02  7.51529783e-02 -4.98548858e-02 -2.31815316e-02
 -4.01144996e-02 -6.88047186e-02  6.90066144e-02  4.59686816e-02
  2.79147886e-02 -1.64091885e-02  2.31655110e-02  5.22631109e-02
 -7.45677054e-02 -1.43298106e-02 -4.09496855e-03  6.20997436e-02
  2.97217183e-02  4.69912402e-03 -6.01884499e-02  7.10025206e-02
 -7.05477223e-02  6.78632259e-02 -1.06268384e-01 -6.05439674e-03
 -3.68438363e-02 -3.12198903e-02 -7.87691586e-03 -6.73649684e-02
  4.31478396e-02 -3.65681425e-02  2.63631586e-02 -8.01468827e-03
 -5.47617897e-02 -4.15574387e-02 -7.23488908e-03  3.95219885e-02
  2.10197344e-02 -8.75919871e-03  1.11885052e-02  3.34658362e-02
 -3.23799858e-03 -4.26669493e-02 -3.80426757e-02  5.00300387e-03
 -2.93785986e-02  2.05866173e-02 -1.70196183e-02 -1.58040260e-03
 -1.01781324e-01 -6.45752102e-02  1.38047906e-02  5.29010296e-02
  4.46812622e-02  7.27392584e-02  1.90692060e-02  2.32857410e-02
  1.23339770e-02 -6.59343228e-02 -3.40878330e-02 -2.55860500e-02
  1.00455415e-02 -1.60044171e-02  1.60234682e-02  4.43794429e-02
  2.78045777e-02 -2.85738669e-02  1.36795146e-02  3.46133038e-02
  2.17381716e-02 -1.31638842e-02 -2.68023852e-02  3.18726003e-02
  5.17764082e-03  6.98468164e-02 -2.95648817e-02  5.81841916e-04
 -1.07713994e-02 -6.35907939e-03  9.11923647e-02 -5.07059957e-33
  4.22317311e-02  2.17915960e-02  8.23418051e-02  1.60784163e-02
  9.85852927e-02 -2.54676375e-03 -3.99875864e-02  1.70920454e-02
  2.73004379e-02  2.66025700e-02 -1.76844262e-02 -3.04632671e-02
 -2.96045397e-03 -2.06558257e-02 -3.76789016e-03  3.93594988e-02
 -1.19598424e-02  6.30348474e-02  7.63597935e-02  1.27791809e-02
 -1.82429552e-02 -7.50100166e-02  3.07856454e-03 -4.48104963e-02
  5.67190461e-02 -1.26256943e-02  3.45012583e-02 -9.37206764e-03
  8.68009403e-02  1.75883975e-02  3.23261470e-02 -2.88050286e-02
 -1.99531275e-03 -4.53949794e-02  4.77547422e-02  2.55156048e-02
  1.32416617e-02  3.03397560e-03 -3.15295942e-02 -2.66638156e-02
  6.35741185e-03 -1.49563383e-02  1.21165137e-03 -2.50055734e-02
 -7.88232237e-02  9.80761461e-03  1.78166162e-02  7.77336732e-02
  6.17828593e-03  1.65661462e-02 -7.58267660e-03 -7.75300991e-03
 -3.36031653e-02 -7.76148885e-02 -3.16883102e-02 -5.26093552e-03
  4.56797928e-02 -4.48885486e-02  7.22500607e-02 -3.20427828e-02
  2.13076305e-02 -1.91655532e-02  1.54209016e-02 -9.28278081e-03
 -3.29562388e-02  4.70154639e-03 -9.11376625e-03 -4.48695421e-02
  5.61976843e-02  7.27080414e-03 -3.34763490e-02 -5.19144423e-02
 -1.53205367e-02  1.02730300e-02 -7.62526598e-03  6.41754176e-03
 -1.27046285e-02  1.05517944e-02 -4.19096537e-02 -3.07988264e-02
  1.31911844e-01 -6.42941445e-02 -1.20612727e-02  5.28847650e-02
 -4.45048499e-04  4.35780957e-02 -4.37699780e-02 -4.30901609e-02
 -2.16667615e-02  5.55852763e-02 -1.09705016e-01  5.49751509e-04
 -2.80084973e-03  2.61619426e-02 -5.31170852e-02  2.41148809e-33
  1.22508947e-02  1.25489188e-02 -6.11790121e-02  3.18512619e-02
  2.91848425e-02 -6.60950243e-02 -8.03091843e-03 -2.06183381e-02
  2.75403075e-02 -2.84845405e-03 -3.35408258e-03  1.24322157e-02
  2.19360031e-02 -4.17010412e-02  8.58462416e-03  6.69954419e-02
  1.87818687e-02 -2.15982143e-02  8.32364988e-03 -1.15441838e-02
 -6.28698245e-02 -3.20687778e-02  2.01773588e-02  1.49866696e-02
  6.73213694e-03  4.93062921e-02  7.85272419e-02  5.40087819e-02
 -7.17918128e-02 -6.98808283e-02 -1.40064897e-03 -1.29193559e-01
 -2.64726877e-02  1.23743620e-02  1.76798217e-02  1.39600560e-02
 -2.55172066e-02 -7.45976418e-02 -4.23312485e-02 -1.87401718e-03
  3.32662687e-02 -1.15498807e-02 -2.14776359e-02  5.29435091e-02
 -2.26502679e-02  1.01022078e-02 -3.37459669e-02  1.96705572e-03
 -1.45484821e-03  6.44354448e-02 -1.55468285e-02 -4.90443744e-02
 -3.14819738e-02 -2.09286548e-02 -4.59017344e-02  7.20187724e-02
  2.58770343e-02 -2.64907740e-02  3.93238552e-02 -2.42464133e-02
 -6.14507385e-02  3.08249556e-02 -1.04493666e-02  1.89723782e-02
  2.45457180e-02 -7.62780756e-02  3.16222198e-03 -4.27392945e-02
  1.53228163e-03  4.18872107e-03  2.12692562e-02  5.41571155e-03
  2.82040425e-02  3.76533829e-02 -5.62071390e-02  3.59858237e-02
  1.64820235e-02 -4.22380455e-02 -5.53954355e-02 -3.29558179e-02
 -2.83587333e-02 -6.71527386e-02  2.76695695e-02  1.62989534e-02
  3.11714895e-02 -1.88976787e-02 -1.97366010e-02  1.81862973e-02
 -1.30887851e-02  5.40152900e-02  2.17289235e-02  1.63998846e-02
 -5.08026162e-04  9.48477536e-03  1.83827486e-02 -1.86059061e-08
  4.90532666e-02 -6.68031797e-02 -1.77807044e-02  3.01965680e-02
  5.38077876e-02 -2.31569204e-02 -2.42188456e-03 -6.64311135e-03
  7.92033318e-03 -1.06992293e-02  6.52210265e-02  1.15634268e-02
  1.35432081e-02  1.70665868e-02 -1.30394278e-02  5.53889433e-03
  3.45010012e-02 -7.63771757e-02 -1.16601884e-02  3.80512811e-02
  2.67359819e-02 -8.24128184e-03  3.13230827e-02 -1.14296912e-03
  4.90271971e-02  3.09393015e-02  2.73849107e-02  8.54374692e-02
  2.04793587e-02  4.73675765e-02  6.59609139e-02  5.78346662e-02
 -2.65304241e-02  7.30983913e-03 -3.25913243e-02 -5.62922545e-02
 -1.31052909e-02 -2.28258334e-02  1.78016927e-02 -6.77401274e-02
 -5.69975860e-02  1.03672789e-02 -1.37140276e-02  4.64537041e-03
 -3.87853570e-02  9.78770945e-03 -2.44237240e-02  1.11741666e-02
 -1.42738121e-02  3.78507450e-02 -3.03583331e-02 -3.61061879e-02
  8.19146782e-02  3.47152278e-02 -1.95266958e-02  9.41366516e-03
  4.33875695e-02 -7.91836381e-02  5.46277240e-02 -2.14035790e-02
  4.40193675e-02  6.14270270e-02 -6.82409853e-02 -8.22867453e-02]
Health Tracking Context
[-3.40794548e-02  3.66782881e-02 -1.54336048e-02  6.52955025e-02
  4.01227828e-03  1.86553299e-02  1.26821846e-01 -2.28658374e-02
 -4.21308950e-02 -6.87112436e-02  3.34905460e-02 -6.18883558e-02
 -6.58356175e-02 -5.36886454e-02  1.71200819e-02 -7.96141401e-02
  8.87325853e-02  8.10815778e-04 -1.46321179e-02 -4.28482285e-03
  3.73467058e-02  2.35633161e-02  7.50525966e-02  7.07430243e-02
  1.30201820e-02 -3.72039387e-03 -1.79343093e-02 -5.87667748e-02
 -6.84966892e-02  3.10842879e-02 -1.59377493e-02 -1.65671986e-02
  5.20034842e-02  4.68569472e-02 -1.04427766e-02 -2.64238678e-02
  2.43721120e-02 -2.77066566e-02 -2.70357579e-02 -4.71046492e-02
 -1.96906421e-02 -8.56660753e-02  2.78587849e-03  2.32629664e-02
 -6.52532419e-03 -4.02853787e-02 -5.78579232e-02  2.36218944e-02
  3.42391133e-02  7.12353140e-02 -1.04261637e-01 -6.65988177e-02
 -9.54491459e-03 -6.19824044e-02  7.47156292e-02  4.24169116e-02
  2.51983963e-02 -1.30927954e-02 -1.97977312e-02  1.72418766e-02
 -2.09257789e-02 -4.57558259e-02 -4.23544645e-02  6.89265877e-02
  5.11700809e-02  1.31238354e-02 -2.79859398e-02  7.12122098e-02
 -9.26438496e-02  2.66493466e-02 -7.12647662e-02 -1.31402705e-02
 -4.54375520e-02  6.09728182e-03  2.33188756e-02 -3.49989161e-02
 -5.10347821e-03 -4.74959500e-02  3.82966325e-02 -2.75361147e-02
 -2.84264795e-02 -3.00576184e-02  2.67247320e-03  3.76828872e-02
  4.85574082e-02 -1.13971531e-02  1.55344428e-02  1.86467562e-02
 -8.66850559e-03 -3.04307435e-02 -4.09977064e-02 -2.32294691e-03
  5.48449997e-03  2.99789794e-02 -3.65465134e-02  2.11983807e-02
 -1.00651383e-01 -9.75127891e-02  2.57881284e-02  1.57765970e-02
  1.27849029e-02  4.23449203e-02  3.75783630e-02  5.56780212e-02
 -2.56347451e-02 -7.55602568e-02 -9.72706173e-03  1.92539357e-02
  3.64949107e-02  2.55144835e-02  3.78101282e-02  4.06206176e-02
  1.88097358e-02  1.53512629e-02  1.97416544e-02  2.99307071e-02
  3.37306634e-02 -2.95247585e-02 -3.05961701e-03  6.57174662e-02
 -3.73819061e-02  3.94522771e-02 -3.51878107e-02 -4.49972041e-03
  4.19494584e-02 -3.51209147e-03  5.76402023e-02 -5.69016555e-33
  7.89474696e-03 -1.66414189e-03  1.12707689e-01  1.05306692e-02
  5.60960695e-02  2.72554741e-03 -5.99234179e-02 -6.07061293e-03
  5.50368726e-02  5.09469621e-02 -3.04048769e-02 -1.05714556e-02
 -4.47568018e-03  4.68858406e-02  5.26515674e-03 -1.40331183e-02
 -3.29094268e-02  8.07918310e-02  8.75995308e-02  2.08284110e-02
 -3.19543816e-02 -7.12499470e-02  4.68169618e-03 -5.13403006e-02
  6.04097545e-02  1.67947132e-02  7.75665697e-03 -2.49502435e-03
  5.28421402e-02  2.90421806e-02  1.89480670e-02 -3.43337618e-02
 -4.45662513e-02 -8.19921046e-02  2.81911884e-02  4.56508156e-03
 -1.24785975e-02  1.79729797e-02 -3.96975353e-02  5.93439396e-03
  1.76001899e-02 -1.38399526e-02  3.89331654e-02 -2.07045190e-02
 -6.37529343e-02  2.74270121e-02  6.50200387e-03  6.42369986e-02
 -3.23392032e-03  4.45731357e-02  1.58612989e-03 -3.26862484e-02
 -2.00094568e-04 -7.06532747e-02  1.28249321e-02 -1.15378769e-02
  1.67051312e-02 -5.06268851e-02  2.79409178e-02 -3.13877650e-02
  1.11603737e-02  2.41113920e-02 -8.04025959e-03 -5.31856855e-03
 -3.54346707e-02  3.03247757e-02 -4.50606421e-02 -6.71830177e-02
  2.34212093e-02  4.87316549e-02 -6.49708956e-02 -4.59884591e-02
 -1.94393788e-02  2.98227277e-02 -3.78111936e-03 -3.41181760e-03
 -4.45486382e-02  8.95508844e-03 -8.32406655e-02 -4.69075404e-02
  1.04182646e-01 -3.68420035e-02  2.40265066e-03  7.86087364e-02
 -1.33514823e-02  5.50429709e-02 -6.19176738e-02 -5.39284348e-02
 -1.00208456e-02  5.36504909e-02 -5.78873977e-02  2.51065306e-02
 -4.64329049e-02  5.38078919e-02 -9.81269032e-02  2.79667243e-33
 -3.81582379e-02  3.23469564e-02  1.49323242e-02  5.48895001e-02
  4.66653705e-02 -7.97340721e-02  1.42533528e-02 -5.63849099e-02
  8.16266090e-02 -2.40033381e-02  2.48915190e-03  1.08657181e-02
 -1.15160141e-02 -4.41477299e-02  1.07740192e-02  9.99837518e-02
 -2.92507969e-02 -5.58728054e-02 -2.96864025e-02 -3.47313061e-02
 -6.39106184e-02 -9.68949031e-03  2.22641900e-02  4.01130244e-02
  3.25699640e-03  4.25198153e-02  6.20800443e-02  6.11598566e-02
 -3.54196504e-02 -7.67670423e-02 -7.23570958e-03 -1.04152009e-01
 -3.33232321e-02 -3.03598754e-02 -1.06861014e-02  5.94592886e-04
 -3.00005376e-02 -4.43809554e-02 -4.79094237e-02  4.28987332e-02
  4.08073291e-02 -3.76886455e-03 -5.62274531e-02  3.99245694e-02
 -2.33814232e-02 -3.01088654e-02  2.67437100e-02 -1.11745968e-02
 -1.50733711e-02  4.00913320e-02 -2.21040435e-02 -1.14656268e-02
 -3.45759466e-02  9.25524067e-03 -3.49599719e-02  1.02003619e-01
  4.07840088e-02 -4.48582461e-03  2.39620600e-02 -7.04200640e-02
 -7.30831847e-02  3.12369876e-02 -3.57977417e-03  3.90459225e-02
  4.09801081e-02 -5.74000590e-02  4.16110978e-02 -5.68975583e-02
  1.81678236e-02  1.38351861e-02  1.45416185e-02  1.11795692e-02
  4.28007320e-02  1.77636035e-02 -4.55796644e-02 -8.66693445e-03
 -2.04740204e-02 -4.68378067e-02 -7.37899914e-02 -2.48800963e-02
 -1.72581580e-02 -8.98520947e-02  3.75607535e-02  1.49649885e-02
  4.08912003e-02  3.97982448e-03 -6.06714375e-02 -8.22694879e-03
 -1.97224207e-02  7.76321143e-02 -1.73133481e-02  1.88106447e-02
 -2.95793060e-02  3.18211550e-03  3.46572176e-02 -1.81992554e-08
  6.66619614e-02 -5.93175218e-02 -1.12277139e-02  4.21529263e-02
  4.13900204e-02  2.93811951e-02 -1.28356116e-02  1.46585573e-02
  1.25985024e-02 -7.50442501e-03  4.58753891e-02  7.38403052e-02
 -5.24591515e-03  3.57943997e-02 -1.09623168e-02 -1.03717549e-02
  2.91768909e-02 -1.62778981e-02 -4.68998775e-02  4.44957800e-02
  1.04909055e-02  5.98831149e-03  6.37380499e-03 -6.74378098e-05
  4.61756401e-02 -2.18501370e-02  2.49067321e-02  8.30273330e-02
  2.07635500e-02  2.72552110e-02  7.86159709e-02  6.94017708e-02
 -8.95649381e-03  2.74117738e-02 -2.37294589e-03 -2.27872133e-02
 -2.53819935e-02 -3.31470830e-04  3.58084962e-02 -6.36512786e-02
 -7.00965077e-02  3.00488584e-02 -4.03651875e-03  5.56197874e-02
 -2.72335801e-02  2.83377245e-04 -1.75974555e-02  2.37186663e-02
  1.94570366e-02  2.99845543e-02 -2.05144961e-03 -1.35010350e-02
  5.48158884e-02  4.12402935e-02 -1.28726568e-02  2.94408165e-02
  3.95490974e-02 -7.73238540e-02  1.35523882e-02 -5.47025399e-03
  6.37374520e-02  4.73315902e-02 -3.90027091e-02 -1.03033409e-01]
Describing Logging Actions or Tasks
[-2.61299051e-02  5.91431633e-02  1.39888171e-02  5.33288494e-02
  1.16437511e-03  2.20686048e-02  1.20078325e-01 -4.62648049e-02
 -4.16937433e-02 -7.25659207e-02  4.48046029e-02 -8.83024782e-02
 -7.33419508e-02 -3.58959883e-02  3.54811475e-02 -8.30899924e-02
  7.30673000e-02 -1.66841038e-02 -1.45573709e-02 -1.52364597e-02
  2.18390562e-02  1.75460633e-02  7.81213790e-02  6.14999831e-02
  2.46143509e-02  8.88206996e-03 -2.44515482e-02 -6.62436113e-02
 -4.89011183e-02  2.68485639e-02 -3.95063460e-02 -8.15889053e-03
  2.20720209e-02  4.94379625e-02 -5.98170620e-04 -3.36886831e-02
  5.16130812e-02 -2.28319000e-02  3.15463468e-02 -3.15991938e-02
 -2.39912383e-02 -6.46483675e-02 -7.68622966e-04  2.28829239e-03
 -2.19030343e-02 -4.61452790e-02 -6.95684701e-02  1.06860232e-02
  5.61140366e-02  5.86496219e-02 -7.69071877e-02 -5.49982414e-02
 -4.80609499e-02 -7.38009959e-02  6.90602288e-02  4.36533317e-02
  4.78388853e-02  8.02953262e-03 -1.65705697e-03  2.65833382e-02
 -2.31225695e-02 -3.22698876e-02 -2.64573209e-02  7.80374855e-02
  2.67705582e-02 -1.79701373e-02 -5.28940633e-02  7.92696103e-02
 -8.35912824e-02  3.42658833e-02 -7.72829205e-02  4.21709800e-03
 -4.08115163e-02 -3.06298435e-02  1.12383412e-02 -5.86247072e-02
  2.25249175e-02 -4.82650250e-02  3.39730904e-02 -1.86443441e-02
 -4.54363301e-02 -4.60898057e-02 -1.28572779e-02  4.33126464e-02
  4.22411934e-02 -1.44955162e-02  1.56453941e-02  6.54106867e-03
 -7.74822617e-03 -2.98024565e-02 -1.86895672e-02 -1.01404712e-02
 -4.50534094e-03  5.79206739e-03 -2.41352674e-02  4.39727642e-02
 -1.11001804e-01 -6.72124922e-02  1.52081307e-02  4.42899652e-02
  1.98914725e-02  3.36154252e-02  6.67714700e-03  4.15660888e-02
 -3.85598396e-03 -6.42495379e-02 -3.37668322e-02 -1.32777337e-02
  1.99331213e-02  6.54898118e-03  1.73597280e-02  5.29067591e-02
  2.64832191e-03 -1.24266567e-02 -7.80695817e-03  2.76976768e-02
  2.99709253e-02 -4.51575220e-02 -1.47675052e-02  5.01739271e-02
  6.51295017e-03  5.54062724e-02 -4.97999117e-02  5.16143255e-03
  1.26002487e-02  1.20320395e-02  9.26131159e-02 -6.28837315e-33
  1.95224062e-02  3.99437435e-02  1.20551631e-01  2.13717446e-02
  9.97141078e-02 -8.46089213e-04 -6.19531386e-02  1.72045212e-02
  2.95501798e-02  5.26083522e-02 -2.53873952e-02 -1.28151998e-02
 -7.07707554e-03  2.63992734e-02  8.34785588e-03 -1.00074774e-02
 -1.80947427e-02  7.03978762e-02  9.25626755e-02  1.08012278e-02
 -4.59389295e-03 -7.96137303e-02  1.43029615e-02 -4.10910398e-02
  9.07412618e-02  2.02254020e-02  2.27517746e-02 -1.24767646e-02
  6.50903508e-02  1.99816264e-02  3.04656029e-02 -3.27945314e-02
 -3.38444710e-02 -6.44180849e-02  3.02317441e-02  5.91526646e-03
  8.19414668e-03  5.10295341e-03 -4.91851009e-02 -1.17026316e-02
  4.27810941e-03 -1.12012131e-02  1.65747739e-02 -8.53406917e-03
 -8.34826156e-02  2.73563862e-02  2.85539664e-02  8.22645798e-02
  4.39776108e-03  3.75848040e-02  6.15461916e-03 -1.96998399e-02
 -3.62199619e-02 -7.35395104e-02 -1.07442485e-02 -1.31462095e-02
  5.21872751e-02 -7.50824064e-02  6.20620847e-02 -5.00609688e-02
  3.38474065e-02 -5.51961269e-03  1.35966837e-02  1.43248467e-02
 -1.96112804e-02  1.61537412e-03 -2.16715736e-03 -5.75904623e-02
  7.53748268e-02  1.75508000e-02 -6.67489022e-02 -5.86642548e-02
 -3.36899683e-02  1.68229174e-02 -2.55778376e-02 -1.19969426e-02
 -4.35813256e-02  8.11803713e-03 -7.47941881e-02 -3.37843895e-02
  1.07425764e-01 -6.74472004e-02 -2.82159541e-02  8.14515278e-02
 -1.26683488e-02  4.92835678e-02 -6.34888560e-02 -4.54706475e-02
 -5.23275649e-03  6.33256584e-02 -6.14399128e-02  2.66576707e-02
 -2.59189606e-02  3.59101519e-02 -7.24603832e-02  3.26904501e-33
 -2.77145505e-02  1.86363421e-02 -2.27322988e-02  3.12123243e-02
  2.09894814e-02 -8.59043822e-02 -1.27432104e-02 -5.05050831e-03
  8.42089429e-02 -1.63751487e-02 -1.39615368e-02  6.01035869e-03
  1.73539463e-02 -2.36436483e-02 -1.57918446e-02  1.02153182e-01
 -1.03151025e-02 -2.86672227e-02 -1.05102332e-02 -3.17005739e-02
 -8.62631053e-02 -1.81682855e-02  1.26226377e-02  2.72886939e-02
  5.06377639e-03  4.79816049e-02  7.86160529e-02  6.05953410e-02
 -6.80948645e-02 -9.01276320e-02 -2.95177106e-05 -1.30881250e-01
 -2.34476347e-02 -5.20686759e-03  1.29628005e-02  2.02912670e-02
 -4.17216728e-03 -7.43633062e-02 -3.66305262e-02  2.13730298e-02
  6.10036477e-02 -9.22957249e-03 -4.33216318e-02  6.49031922e-02
 -2.18730550e-02 -4.70219180e-03 -4.66373842e-03 -2.91109638e-04
 -6.50416710e-04  4.41612266e-02  2.85087473e-04 -4.12219092e-02
 -3.63052711e-02 -1.61124431e-02 -4.23865244e-02  1.07617006e-01
  2.95485891e-02 -4.44720034e-03  4.06545810e-02 -5.75123131e-02
 -6.91854432e-02  5.64058311e-02 -9.78380255e-03  5.71379177e-02
  2.98247337e-02 -7.31285885e-02  2.73421500e-02 -4.64238599e-02
 -4.64127166e-03 -1.02201663e-02 -1.84231740e-03  2.49665137e-02
  3.30954753e-02  2.13913117e-02 -5.44112250e-02  1.47499517e-02
 -2.35183095e-03 -6.61416203e-02 -6.11206517e-02 -2.63592042e-02
 -4.25241794e-03 -8.76069143e-02  3.47954296e-02  1.36438189e-02
  4.87428978e-02 -1.03492476e-02 -3.69874015e-02  6.85944920e-03
 -2.51787063e-02  6.07625619e-02 -9.26358718e-03  1.15159731e-02
 -1.42734889e-02  1.22811105e-02  2.67589055e-02 -1.86626732e-08
  5.03264293e-02 -7.19221979e-02 -1.76050868e-02  3.23095918e-02
  8.33252892e-02  1.11768339e-02 -1.56637020e-02  2.53802482e-02
 -4.52760328e-03 -1.19511504e-02  3.24705094e-02  5.23371585e-02
 -3.95184895e-03  2.49787234e-02  1.55265781e-03 -8.77593644e-04
  2.36330349e-02 -4.95337620e-02 -3.51224020e-02  5.03222719e-02
  2.83368640e-02  1.64135844e-02  3.37803438e-02 -2.32872218e-02
  5.33351302e-02 -1.18862791e-02  3.12002115e-02  8.24186355e-02
  1.46045359e-02  2.76204757e-02  7.27281496e-02  5.94072863e-02
 -1.39031913e-02  3.25052552e-02 -8.25003162e-03 -3.88946496e-02
 -2.49306448e-02 -2.03204472e-02  3.53123583e-02 -8.04337114e-02
 -4.78055701e-02  3.45782861e-02 -7.55140046e-03  3.17152217e-02
 -4.64863479e-02  8.52448680e-03 -3.47678475e-02  1.10939611e-02
  1.13951666e-02  4.09789793e-02 -1.87346376e-02 -2.63261143e-02
  8.91838446e-02  2.49834396e-02 -3.00405379e-02  2.34322306e-02
  5.26505783e-02 -7.91261643e-02  6.02774844e-02 -2.32597138e-03
  5.79887219e-02  6.21067993e-02 -6.23165071e-02 -9.84570235e-02]
Retrospective Meal Tracking
[-1.45519376e-02  7.64967799e-02  3.79270017e-02  5.11896834e-02
  1.69977583e-02  2.56195720e-02  1.03570126e-01 -4.00602035e-02
 -5.35577610e-02 -9.17774439e-02  1.76339094e-02 -6.16534948e-02
 -6.84543028e-02 -1.54669033e-02  3.34700979e-02 -6.78696260e-02
  7.03264996e-02 -1.33160325e-02 -3.33788842e-02 -1.75710674e-02
  2.69838367e-02  2.02614665e-02  6.20560125e-02  7.79226050e-02
  6.05235100e-02  3.81937101e-02  9.20199603e-03 -6.28019720e-02
 -3.27858180e-02  6.06316933e-03 -5.57757802e-02 -9.04946867e-03
  1.72312502e-02  3.17123644e-02 -1.40150217e-02 -6.21562302e-02
  4.30463478e-02 -2.66733281e-02  3.59437726e-02 -1.43827754e-03
 -9.15545225e-03 -4.21613939e-02  1.45644194e-03 -4.29535192e-03
 -5.30088246e-02 -3.16373184e-02 -5.42615578e-02  1.28554376e-02
  6.76105246e-02  7.69900456e-02 -5.01239076e-02 -3.92041318e-02
 -5.00550382e-02 -8.90981331e-02  7.85241276e-02  5.80382273e-02
  3.71154062e-02 -1.35229928e-02  1.21349720e-02  3.92261073e-02
 -5.62442169e-02 -3.40727344e-02 -7.39556411e-03  5.82792349e-02
  4.34324369e-02 -9.34079289e-05 -6.89803362e-02  7.89138153e-02
 -7.17216879e-02  6.48101494e-02 -9.76511613e-02  3.35413660e-03
 -2.10112091e-02 -4.75955717e-02 -1.73200015e-02 -4.50825915e-02
  3.61096002e-02 -5.93912303e-02  2.63227280e-02 -2.48139855e-02
 -4.68516015e-02 -4.18626890e-02 -5.28411753e-03  4.55738902e-02
  3.31567712e-02  9.16329212e-03 -4.93066525e-03  3.36666629e-02
 -1.21474611e-02 -3.66943106e-02 -2.44951807e-02  1.33957586e-03
 -2.02067271e-02  1.68648455e-02  2.01486261e-03  5.49403066e-03
 -1.14271984e-01 -5.88501692e-02  2.96041183e-02  5.72380051e-02
  3.09955291e-02  7.68378004e-02  1.87335704e-02  1.74935274e-02
  1.07967118e-02 -6.87511489e-02 -4.33282107e-02 -2.31097080e-02
  1.12594515e-02 -9.04567540e-03  2.24206294e-03  5.75379021e-02
  1.80228055e-02 -2.49068011e-02  1.47622647e-02  1.27456356e-02
  3.85601893e-02 -1.05832471e-02 -4.87920642e-02  2.59366389e-02
  5.54246502e-03  4.80381474e-02 -2.68235654e-02  3.97170754e-03
  2.19294913e-02  1.13143157e-02  1.01693414e-01 -5.77848558e-33
  5.99948689e-02 -4.35301196e-03  1.08720943e-01 -1.91940332e-03
  1.16325960e-01 -1.99178513e-03 -5.46923093e-02  1.25948684e-02
  3.75293642e-02  3.97474542e-02 -1.73389763e-02 -3.06091905e-02
 -1.33464020e-02  4.74785280e-04  1.62766350e-03  2.65416894e-02
 -1.52702630e-02  6.30701929e-02  9.93848890e-02  2.12541185e-02
 -9.38383304e-03 -7.69068450e-02  5.47978142e-03 -4.59175333e-02
  6.09878302e-02 -9.77091398e-03  2.06580311e-02 -6.45946851e-03
  6.64286762e-02  1.23030897e-02  1.69779006e-02 -3.43830325e-02
 -2.24081203e-02 -5.69705069e-02  4.66531739e-02  3.29540186e-02
  2.08543483e-02  9.14587546e-03 -3.75329405e-02 -3.99910249e-02
  3.97878401e-02 -7.93617964e-03  4.11930913e-03 -3.21406648e-02
 -9.65570360e-02 -1.42768642e-03 -5.64938760e-04  8.36233124e-02
  5.43388724e-03  2.90013216e-02  1.19861541e-02 -1.60840396e-02
 -2.52835508e-02 -7.91584253e-02 -3.21718082e-02 -3.84126720e-03
  3.97929661e-02 -5.65710776e-02  6.11128286e-02 -2.95288619e-02
  4.54961583e-02 -9.63164587e-03  1.44124553e-02 -1.77614503e-02
 -4.20531407e-02  6.09754003e-04 -9.35734622e-03 -4.98136878e-02
  6.33338094e-02  1.71632804e-02 -3.32993306e-02 -5.30208461e-02
 -1.42515944e-02  4.31272760e-03 -7.14047113e-03 -8.51051044e-03
 -2.90523861e-02 -7.84999691e-03 -3.79349664e-02 -2.80240513e-02
  1.32827982e-01 -6.92451149e-02 -2.41819285e-02  6.11931905e-02
 -1.24953091e-02  6.25020936e-02 -4.75081913e-02 -2.85137296e-02
 -1.02090212e-02  5.26706502e-02 -1.19538046e-01  1.53582974e-03
 -1.74493026e-02  3.51769924e-02 -5.62820844e-02  2.90538912e-33
 -3.25045106e-03  2.23042481e-02 -4.73174416e-02  4.14511003e-02
  2.69324966e-02 -9.11885500e-02 -7.39956414e-03 -1.39672384e-02
  3.93783562e-02 -1.36438981e-02  1.21181048e-02 -3.91495693e-03
  2.11028121e-02 -4.22562063e-02  1.31878229e-02  7.95137882e-02
 -6.84970291e-04 -2.76381914e-02  1.05163418e-02 -2.73912996e-02
 -8.74442607e-02 -2.96914522e-02  4.19249460e-02  1.81705654e-02
  2.06665955e-02  6.57781810e-02  1.07622944e-01  6.66803941e-02
 -7.57004544e-02 -1.06097437e-01  6.78784773e-03 -1.39085263e-01
 -8.38711113e-03 -2.41016061e-03  1.62210707e-02  2.48612091e-02
 -2.72361450e-02 -8.70774984e-02 -2.54569910e-02 -7.63894850e-03
  3.87353487e-02  1.14648622e-02 -2.06912663e-02  6.65081218e-02
 -1.89529918e-02  1.16245076e-02 -1.97123513e-02 -9.18409042e-03
  1.05607128e-02  5.23367301e-02  8.57776869e-03 -4.70766351e-02
 -3.79551649e-02  6.30082679e-04 -2.42208075e-02  7.99317807e-02
  3.49100754e-02 -3.47502679e-02  3.59011255e-02 -4.79375124e-02
 -8.97959024e-02  4.09380235e-02 -2.05162410e-02  1.70577541e-02
  2.70225164e-02 -7.80637264e-02  2.61297729e-02 -6.25449270e-02
 -8.83769710e-03  6.74633449e-03  2.10121218e-02  1.01082344e-02
  1.56828072e-02  3.81035805e-02 -6.37441576e-02  2.24758983e-02
 -2.53655575e-02 -4.51376885e-02 -5.55160455e-02 -3.95178720e-02
 -4.66134697e-02 -8.53025913e-02  2.57207491e-02  8.68050754e-03
  4.05411758e-02  3.08403675e-03 -2.94829253e-02  1.93370562e-02
 -5.28950896e-03  6.74464479e-02  1.05595570e-02  1.71285192e-03
 -3.39652156e-03 -3.50092212e-03  2.29783915e-02 -1.93803604e-08
  6.04934804e-02 -7.24417344e-02 -3.34073305e-02  4.14470509e-02
  8.31939504e-02 -2.19271742e-02 -1.09700115e-04  2.06870548e-02
  5.26033249e-03 -1.38938930e-02  8.06476548e-02  3.26627865e-02
  8.00795667e-03  1.23646325e-02 -1.13358470e-02 -1.87965820e-03
  3.33858021e-02 -6.49907365e-02 -1.56767778e-02  2.60103848e-02
  2.50257403e-02  6.88584009e-03  1.16308304e-02 -2.38482542e-02
  6.38928637e-02  1.66199617e-02  2.47890558e-02  8.93513784e-02
  1.93936471e-02  4.75037657e-02  8.46315771e-02  5.96673004e-02
 -3.26712169e-02  9.72886011e-03 -2.36306936e-02 -6.82507157e-02
 -1.08060110e-02 -3.38793546e-02  7.98810460e-03 -8.47644061e-02
 -6.99731410e-02  1.31987585e-02 -2.54015275e-03  1.87187809e-02
 -2.14260481e-02 -1.87970437e-02 -2.34153681e-02  4.03952226e-03
 -1.19126718e-02  2.06707809e-02 -2.94545386e-02 -2.36803629e-02
  9.25988108e-02  5.36642186e-02 -1.80149935e-02  9.19195451e-03
  4.96104993e-02 -7.45923892e-02  5.78055158e-02 -5.51291450e-04
  4.91823368e-02  5.52434139e-02 -7.85756111e-02 -8.13984722e-02]
Questions About Logging
[ 4.17719781e-03  5.08172996e-02  3.23030166e-04  5.33351004e-02
 -2.70239469e-02  2.20575370e-02  1.18250951e-01 -5.24547324e-02
 -2.78222710e-02 -8.21471661e-02  4.39969413e-02 -7.39095584e-02
 -6.62573203e-02 -3.96964289e-02  4.84321117e-02 -1.03185937e-01
  9.50042754e-02 -1.28614111e-02  1.39129553e-02 -3.21433321e-02
  2.36456804e-02  1.21510569e-02  7.84085840e-02  7.33131915e-02
  3.12622339e-02 -1.58118829e-02 -1.00788032e-03 -4.96620797e-02
 -4.33075204e-02  2.20764168e-02 -4.23887894e-02 -7.82667659e-03
  2.01109909e-02  4.61900905e-02  3.25578311e-03 -1.75231174e-02
  7.60667697e-02 -2.63259616e-02  1.37457270e-02 -3.18138041e-02
 -1.87464766e-02 -7.18801469e-02 -3.56221432e-03 -8.20175372e-03
 -2.36455500e-02 -3.33497301e-02 -6.15150817e-02  3.22140679e-02
  4.78117093e-02  7.12212548e-02 -8.92570168e-02 -3.43263671e-02
 -3.95185836e-02 -5.27730361e-02  5.39251752e-02  3.99843492e-02
  1.88428145e-02 -6.46600220e-03 -6.42304262e-03  4.21358310e-02
 -3.01359929e-02 -3.70732173e-02 -4.29807045e-02  8.25220495e-02
  1.36962039e-02 -8.09277035e-03 -4.79682162e-02  9.14287120e-02
 -6.20217547e-02  1.32170673e-02 -9.63638127e-02  2.71079270e-03
 -4.81723733e-02 -2.14717332e-02  9.78888851e-03 -5.07277548e-02
  2.61641182e-02 -7.71230087e-02  3.14725447e-03 -1.62313338e-02
 -3.45313922e-02 -2.29439735e-02  7.66859856e-03  6.31380826e-02
  3.15663889e-02 -3.45977402e-04  2.09507276e-03  8.35010433e-04
  6.34616998e-04 -3.44944410e-02 -4.00077589e-02 -1.41111538e-02
 -2.91286521e-02  9.48308967e-03 -1.20089101e-02  3.58561017e-02
 -1.01247191e-01 -7.10946545e-02  1.64040495e-02  3.56475413e-02
  2.62739509e-02  3.14186588e-02  3.48344259e-02  4.50979173e-02
 -4.34971275e-03 -6.45768046e-02 -2.74773352e-02 -1.21666184e-02
  3.11162565e-02 -1.16352364e-03  1.01430332e-02  7.88986087e-02
  1.10290451e-02 -3.85436649e-03 -1.04934182e-02  2.42719240e-02
  4.58880253e-02 -4.08192500e-02 -1.27497967e-02  4.17788476e-02
 -1.48807745e-02  7.62120187e-02 -4.23252732e-02  1.54192862e-03
  1.72043592e-02  1.00600999e-02  7.51840845e-02 -5.60045255e-33
  2.05723085e-02  2.42988355e-02  1.25110269e-01  3.35199907e-02
  1.00744709e-01  7.99319241e-03 -3.94699499e-02  2.04817522e-02
  2.98579279e-02  6.05011657e-02 -1.35532767e-02 -3.35678682e-02
  1.57771260e-02  2.44923197e-02  1.33486483e-02 -1.67308562e-03
 -3.26497294e-02  5.35927340e-02  7.66688958e-02  4.31495893e-04
 -1.29276020e-02 -7.17339888e-02  1.33754537e-02 -3.06990631e-02
  8.42481256e-02  1.41945528e-02  1.96973141e-02 -1.80950463e-02
  6.16040006e-02  2.50739846e-02 -2.30110832e-04 -4.65303138e-02
 -3.30520868e-02 -8.60193819e-02  2.81899385e-02  9.37250815e-03
  3.15984641e-03  1.52100027e-02 -4.66093831e-02 -8.68561305e-03
 -1.85211860e-02 -4.30632336e-03  6.56130444e-03 -1.21330600e-02
 -6.95212483e-02  2.86986828e-02  2.07664780e-02  7.11185187e-02
  7.43093994e-03  5.19877784e-02 -5.12253866e-03 -4.33769859e-02
 -1.75343994e-02 -7.39813447e-02 -1.75936595e-02 -2.16054395e-02
  5.46446815e-02 -6.92566037e-02  5.64496629e-02 -3.99279073e-02
  2.70192288e-02  5.19436505e-03  2.05096658e-02 -6.57217344e-03
 -3.30101848e-02  5.61132887e-03 -1.97759159e-02 -7.44171292e-02
  8.48500580e-02  3.66088632e-03 -5.87416701e-02 -4.72918376e-02
 -9.39899124e-03  1.70837678e-02 -1.00745596e-02 -7.68545875e-03
 -5.41396923e-02  3.81699938e-04 -6.67296872e-02 -3.56284492e-02
  1.28522336e-01 -4.07729670e-02 -4.83855903e-02  1.14189908e-01
 -1.60554647e-02  4.38296013e-02 -5.65922335e-02 -5.90513274e-02
  5.66525012e-03  5.75786829e-02 -9.70027074e-02  2.36219205e-02
  1.85795669e-02  3.23110074e-02 -7.26813450e-02  2.79877013e-33
  1.57213267e-02  1.37385083e-02 -1.20803323e-02  2.79095210e-02
  1.10814320e-02 -8.89787078e-02  1.99355814e-03 -1.98427145e-03
  7.13177770e-02 -5.47610316e-03 -1.74697731e-02  1.80524252e-02
  6.55118981e-03 -3.27503532e-02 -3.88048077e-03  8.71785432e-02
 -1.03472508e-02 -9.34226532e-03 -8.82569514e-03 -1.06829265e-02
 -7.85563216e-02 -2.19809823e-02  2.76243631e-02  2.38045938e-02
  1.78630985e-02  4.73011546e-02  8.00959691e-02  7.07640871e-02
 -8.79951715e-02 -9.30377916e-02 -9.17174388e-03 -1.06230177e-01
  8.81817541e-04 -1.54597908e-02  2.56151520e-03  3.61120515e-02
 -4.24331650e-02 -6.25694171e-02 -4.69725393e-02  3.58044058e-02
  4.94168214e-02 -1.16974134e-02 -4.40542772e-02  5.59946522e-02
 -3.26964594e-02 -1.78453997e-02 -6.69987872e-03 -1.72091536e-02
 -2.02789754e-02  3.80811058e-02 -2.41400115e-02 -5.63267358e-02
 -3.16614844e-02 -3.20051867e-03 -3.47259529e-02  1.08695768e-01
  3.25662233e-02  4.16940590e-03  3.84827331e-02 -6.20760508e-02
 -6.74754679e-02  3.94751839e-02 -1.58496983e-02  4.52579930e-02
  2.96107884e-02 -7.49708340e-02  2.08202843e-02 -1.90409943e-02
 -1.04814917e-02  1.35050830e-03 -3.13718952e-02  2.79915277e-02
  6.30313382e-02  2.38575265e-02 -6.26294389e-02  3.75183895e-02
  7.83132296e-03 -7.21954182e-02 -6.18449152e-02 -3.87842432e-02
 -1.98947415e-02 -1.08778320e-01  8.03024508e-03  1.63647085e-02
  5.28364778e-02  2.99152103e-03 -3.59501317e-02  5.62440619e-05
 -3.84906605e-02  6.97362348e-02 -2.00875215e-02  1.87074132e-02
 -1.44428131e-03  1.67951360e-02  3.93921733e-02 -1.82015629e-08
  3.98885198e-02 -7.86626488e-02  3.22785368e-03  4.68192436e-02
  5.57486825e-02 -6.36880333e-03  2.48633442e-03  2.23045237e-02
  1.54188396e-02 -1.49207120e-03  1.70704778e-02  4.22315374e-02
  1.29110459e-02  9.04621743e-03  3.04596877e-04 -8.22736509e-03
  4.72564586e-02 -4.29667570e-02 -5.19265011e-02  3.96826454e-02
  2.39190962e-02  1.60500072e-02  4.19356674e-02 -2.66480111e-02
  6.39647320e-02  2.04560161e-03  4.38803434e-02  7.66742080e-02
  1.30686220e-02  2.67655700e-02  6.28160685e-02  5.99491969e-02
 -1.11094341e-02  2.61648055e-02  2.89953314e-05 -3.10740210e-02
 -4.47696149e-02 -1.92825235e-02  1.86849944e-02 -9.67557803e-02
 -8.69753882e-02  8.94791621e-04  8.96170363e-03  2.17484273e-02
 -4.44412641e-02  3.39892395e-02 -1.81119349e-02  3.67885046e-02
 -3.92390415e-03  5.29902652e-02 -5.50357476e-02 -2.09111962e-02
  9.90908965e-02  2.69676596e-02 -3.47035341e-02  1.67773403e-02
  4.29288223e-02 -8.85409564e-02  4.82985303e-02  3.75898788e-03
  5.01514152e-02  9.02781636e-02 -7.42811710e-02 -9.83034000e-02]
