Blood Sugar Management & Symptoms
[-3.39710042e-02 -4.37489972e-02 -1.81399286e-02  3.96201946e-02
 -1.99412704e-02 -1.35276830e-02  5.16509339e-02  9.43796709e-03
  5.26149478e-03  1.31560874e-03 -7.58382306e-02 -2.18329858e-02
 -4.04883400e-02 -9.63583495e-03  1.63936298e-02  9.46210790e-03
  4.06476259e-02  8.06523114e-03 -3.77882668e-03 -1.58909485e-02
  3.41140926e-02 -2.10132934e-02  4.74511236e-02  6.54138848e-02
  2.83105262e-02  4.57979515e-02  3.87334228e-02 -4.92164865e-02
 -3.88000049e-02 -4.45467494e-02 -1.73493866e-02 -2.93170866e-02
 -1.65163092e-02 -1.59408164e-03 -1.77404843e-02  4.48022000e-02
  1.44402520e-03 -2.01015119e-02 -2.94647086e-02 -2.32337881e-02
  9.96936671e-03  1.66996242e-03  1.74062792e-03  3.97323258e-03
  2.38379277e-02  1.22043472e-02 -3.16825882e-02  4.82864901e-02
  6.98084608e-02  6.17876351e-02 -3.48190442e-02 -3.51738483e-02
  2.86762081e-02 -4.31695729e-02  6.13982007e-02  2.75969077e-02
 -2.84942631e-02 -2.77589029e-03  6.45391718e-02 -5.54963108e-03
 -6.21981621e-02  1.87202059e-02 -4.27253824e-03  1.01435110e-02
  1.09999571e-02  9.70014557e-03 -2.14447062e-02  5.94340125e-03
  6.20351825e-03  6.29034452e-03 -1.44409221e-02 -4.13650014e-02
  3.02243289e-02 -1.81588959e-02  2.07435396e-02 -2.04321425e-02
  5.40601695e-03 -4.29372303e-02 -1.10999085e-02  5.28010949e-02
 -1.84694938e-02  4.44785878e-02  1.54737700e-02  5.67520037e-02
 -1.25524038e-02 -2.81095635e-02  8.98960829e-02  4.22380641e-02
 -3.66922542e-02 -2.44333930e-02  7.76697975e-03 -1.51349315e-02
 -4.68976004e-03  8.84810761e-02  1.68504799e-03 -6.48770407e-02
 -1.46877766e-02 -8.07558000e-02 -6.45551085e-03  1.78680904e-02
 -1.96208479e-03 -6.77809585e-04  6.24594800e-02  6.61146045e-02
  8.81133415e-03  4.23178338e-02  2.35781036e-02  2.30467003e-02
  2.45919563e-02  1.80577375e-02  5.30572720e-02  3.13261226e-02
 -4.21303418e-03  3.97465006e-02 -8.27808082e-02  2.68878173e-02
  2.86626909e-02  2.30060294e-02 -2.59244572e-02  3.55556607e-02
 -6.66562989e-02  4.94819134e-03  3.76038849e-02 -4.65872139e-02
  2.15848833e-02  2.24440210e-02 -1.35078998e-02 -3.37463012e-33
  1.08950548e-02 -5.07358275e-02  2.17198022e-02  1.18520400e-02
  7.52010802e-03  6.75608870e-03 -2.41541136e-02  5.40354624e-02
  6.45983815e-02  1.29083619e-02 -3.36972252e-02 -5.44205830e-02
 -4.82628942e-02 -1.57405287e-02 -5.04396558e-02 -4.03026119e-02
  1.53908590e-02 -7.06768688e-03  3.66818085e-02  3.01548727e-02
 -7.36809522e-02 -8.17915574e-02 -1.91983171e-02 -2.94395536e-03
 -2.72008665e-02  2.83554196e-02 -1.99158639e-02  1.38735930e-02
  1.50987599e-03  8.92424025e-03  6.83594793e-02  1.01305880e-02
  3.52330767e-02 -3.94209623e-02  5.84963802e-03  1.57175660e-02
  2.74642762e-02  2.90767699e-02  2.37963777e-02 -2.03229990e-02
  1.57597233e-02  4.57341224e-02  1.47122126e-02 -4.32019643e-02
  1.69350132e-02 -1.33111123e-02 -1.19742816e-02  7.01882737e-03
 -1.87762287e-02  3.33757177e-02 -3.13647976e-03 -5.24290279e-02
  3.35423369e-03  5.55013977e-02 -1.62494984e-02 -6.66783005e-02
 -2.11871788e-02  1.37141794e-02 -6.22005621e-03  4.89528254e-02
 -2.40009967e-02  3.73251252e-02 -2.59575285e-02  1.20540615e-03
 -1.37009360e-02  8.98337457e-03 -3.96529399e-02 -3.32437200e-03
 -2.87178196e-02 -2.21850611e-02  3.42162363e-02 -2.61447448e-02
  6.53279871e-02  3.22550200e-02  5.94181102e-03 -1.44208549e-03
 -2.94891801e-02 -6.22205138e-02 -8.35401788e-02 -6.83175251e-02
  4.61389944e-02 -2.54422501e-02  3.34442705e-02 -5.06545184e-04
 -2.62689497e-02  7.00448826e-02 -7.47615471e-02 -1.00743240e-02
  5.48666157e-03  1.15229841e-02 -8.24879184e-02 -1.32502057e-04
 -2.36175917e-02  2.15251930e-05 -6.73112497e-02  1.88910960e-33
  3.26754823e-02 -5.12346961e-02  4.10545152e-03 -2.63740914e-03
  4.03712504e-02 -3.91689595e-03  7.05325752e-02 -2.49498952e-02
 -1.88463237e-02 -1.92380082e-02  5.15608676e-02  1.75327193e-02
 -1.37633262e-02 -5.05310390e-03  5.53864427e-02  5.44361770e-02
 -3.23953759e-03  4.85389382e-02  3.54205817e-03  2.14419551e-02
 -5.52952029e-02  8.29670429e-02  2.23752484e-02 -4.07119654e-02
  6.94349110e-02  3.91305909e-02  1.59942079e-02  4.61352356e-02
 -9.56169236e-03  7.66150770e-04  3.52067202e-02 -1.14606693e-02
 -6.67977706e-02 -4.89901565e-02  2.68170573e-02 -2.17284132e-02
 -1.03668198e-02 -4.76848520e-02 -6.71875924e-02  4.43850309e-02
 -3.81315015e-02  2.12264396e-02  6.39007390e-02  1.03366990e-02
  3.02444678e-02  6.18969556e-03 -3.37110809e-03  4.43091802e-03
 -3.76749784e-02  6.82168752e-02 -1.07880104e-02 -2.14523170e-02
 -2.08038837e-02  6.27871603e-02  2.34359037e-02  3.60095315e-02
 -2.01708684e-03 -3.36916335e-02 -4.42627966e-02 -3.16151120e-02
 -3.55457440e-02 -3.21110860e-02 -1.03858318e-02 -2.50399448e-02
  7.88016394e-02  1.87551919e-02  1.61822960e-02  2.48457631e-03
  9.44950506e-02 -4.33757948e-03 -5.28739393e-03 -3.09821144e-02
 -5.94490673e-03  7.94060994e-03 -1.03009213e-02 -3.94915864e-02
 -4.21278402e-02  5.94118759e-02  1.82747673e-02 -9.14986581e-02
 -5.59420474e-02  2.67267078e-02  1.93794705e-02 -2.60743350e-02
 -7.33567849e-02 -6.53210143e-03 -2.34060027e-02 -1.29800700e-02
  3.07432981e-03  3.70842777e-02 -1.08935148e-03 -2.87118852e-02
  4.05442575e-03  2.67147310e-02  1.73746701e-02 -1.72083308e-08
  4.51527089e-02 -5.06346263e-02 -2.45845690e-02  8.14080760e-02
 -8.96975491e-03 -5.68494536e-02 -4.30377051e-02  2.28662081e-02
  8.07141885e-03 -8.75281692e-02  1.62486769e-02  6.27299398e-02
  2.25410424e-02  1.18217096e-02 -6.09064624e-02 -5.73005117e-02
  1.69523172e-02  3.79226939e-03 -2.35474687e-02  1.25610717e-02
 -8.40322673e-02 -6.52053766e-03 -3.91128510e-02  3.61775700e-03
  3.53540219e-02 -1.29893217e-02  2.69375145e-02  2.98659336e-02
  2.20377296e-02  2.96677351e-02  8.17024186e-02  3.56579423e-02
  3.73192392e-02 -5.12298197e-02 -1.76659413e-02 -2.58723963e-02
  4.08897698e-02 -3.30900843e-03  8.93924851e-03 -3.27449478e-02
 -3.80239189e-02 -1.69310588e-02 -4.02897075e-02  2.17021480e-02
 -2.54309438e-02 -1.25535307e-02  4.16157469e-02  2.53155176e-02
  4.34457622e-02  1.26124341e-02 -2.00390294e-02  3.98740210e-02
 -2.62800287e-02  3.86054702e-02  9.42723243e-04 -1.58431362e-02
 -4.36817482e-02  3.84490268e-04  1.57840792e-02 -2.90476549e-02
  3.75584401e-02 -6.21327385e-02 -1.93386767e-02 -5.60297072e-02]
Diet & Nutrition Preferences
[-4.18295152e-03 -4.49837791e-03 -1.92185398e-02  5.38292713e-02
 -2.75498275e-02 -1.11162039e-02  1.92948859e-02  2.18717903e-02
 -3.50208543e-02 -1.63458772e-02 -3.65402810e-02 -3.20646875e-02
 -7.98095837e-02 -6.28671199e-02  3.67543995e-02 -2.56593507e-02
  5.66083193e-02  3.67727391e-02  1.31895067e-02 -1.33732967e-02
  2.97916587e-02 -1.46611659e-02  4.12418880e-02  2.99065616e-02
  1.68488268e-02 -2.64824573e-02  1.90546643e-02 -5.26013523e-02
 -4.91732210e-02 -3.58774997e-02  2.59484798e-02 -2.58487817e-02
 -4.73007234e-03  1.21334568e-02 -3.76570113e-02  3.51259299e-02
 -1.51837496e-02 -5.11167534e-02 -6.76438510e-02 -5.00604063e-02
  1.27807138e-02  5.02198515e-03  6.98606437e-03  1.12855891e-02
  1.13465590e-02 -4.13052663e-02 -3.29535827e-02  5.90255819e-02
  7.19285160e-02  1.11553073e-02 -5.25551625e-02 -4.80035506e-02
 -1.63508411e-02 -3.29849310e-02  6.57500774e-02  1.19449049e-02
 -6.32621944e-02  1.78712513e-02  2.14917790e-02 -4.20160778e-02
 -1.00533729e-02 -7.54102925e-03  9.32080764e-03  2.65721534e-03
 -9.15695634e-03 -6.31285412e-03 -9.49418452e-03  2.55069062e-02
 -2.87246946e-02  4.04513143e-02 -3.61861773e-02 -2.55545471e-02
 -2.44442694e-04 -6.92262640e-03  1.81550886e-02 -8.47232714e-03
 -2.53889859e-02 -9.36730672e-03 -1.63903274e-03  1.43286809e-02
 -2.66240537e-02  3.09833214e-02  2.61191968e-02  6.32351041e-02
  1.04993572e-02 -1.38799520e-02  1.58629082e-02  4.60640490e-02
 -3.23666669e-02 -1.55576095e-02  1.35674216e-02 -1.52774015e-02
  2.15458479e-02  9.38749090e-02 -1.68297347e-02 -6.68694004e-02
  2.21225321e-02 -9.43503752e-02 -1.40199689e-02  1.26121740e-03
  1.46594979e-02 -2.67945100e-02  7.89194182e-02  5.03503568e-02
 -2.34973151e-02  5.93035668e-02 -8.21600575e-03  4.14936170e-02
  2.34559458e-02  1.82724576e-02  3.22253890e-02  5.96908778e-02
 -2.31097713e-02  1.08205443e-02 -8.08610097e-02  4.34181541e-02
  5.88611774e-02 -6.55705901e-03  8.46867822e-03  3.53484489e-02
 -7.60590360e-02  1.78672757e-03  4.90848757e-02 -2.35459488e-02
 -1.04549201e-02  3.70086692e-02  2.47806516e-02 -2.85278612e-33
 -9.71914921e-03 -6.74838051e-02  1.18758865e-02 -3.10090347e-03
  1.33733945e-02  3.07334121e-02  6.82780752e-03  2.74631009e-02
  5.12023605e-02  6.40414888e-03 -6.97743194e-03 -4.40434553e-02
 -2.67899875e-02  1.21562894e-04 -1.70805342e-02 -5.11887856e-02
 -1.38625102e-02 -2.32181093e-03  4.33989428e-02  2.83481535e-02
 -6.94685280e-02 -3.50048654e-02  1.15244584e-02 -1.20383771e-02
  1.79794598e-02 -2.47844979e-02  4.17207927e-03 -8.34009983e-03
 -2.97426316e-03  1.33519666e-02  2.86674351e-02 -8.22458882e-03
  4.30823974e-02 -1.99116785e-02 -5.64343343e-03  5.84564917e-03
  1.99088361e-04 -5.96114853e-03 -1.18770050e-02 -1.24439076e-02
  5.61888777e-02  2.68667024e-02  2.41634566e-02 -5.74447103e-02
  3.59202810e-02 -4.36286954e-03  3.43166925e-02  1.91195458e-02
 -3.99167947e-02  4.38527502e-02  7.68813817e-03 -4.30273376e-02
 -1.64918602e-02  5.04436605e-02 -1.29117249e-02 -7.65029341e-02
 -3.36346887e-02  3.18055078e-02 -1.91406179e-02  9.84041207e-03
 -2.07340568e-02  6.74343929e-02 -6.05174981e-04  1.53076760e-02
 -4.31573838e-02  1.29987476e-02 -7.48302266e-02 -3.46226878e-02
 -6.43078089e-02 -7.27160880e-03  2.74999011e-02 -1.44923897e-02
  8.45983624e-02 -1.26492428e-02 -9.68553405e-03 -1.68560015e-03
 -3.17874141e-02 -2.32409537e-02 -6.58013150e-02  4.94819228e-03
  3.31641100e-02  3.47258151e-02  7.63657130e-03  2.68940348e-02
 -6.52371673e-03  7.39110485e-02 -9.04530212e-02 -2.43234914e-02
  5.29691316e-02 -1.53033575e-02 -8.07505324e-02  2.20476910e-02
 -1.73015408e-02  1.01499064e-02 -7.91472867e-02  1.69639318e-33
  4.06015776e-02 -2.41908804e-02  6.88313991e-02  4.25599180e-02
  3.53417434e-02 -3.59358639e-02  4.68942784e-02 -3.20704393e-02
  3.61286886e-02 -3.70355807e-02  3.33792251e-03  2.19884422e-02
  2.65573803e-02 -3.49512920e-02  1.38503583e-02  9.67519954e-02
 -3.25564109e-02  5.55599332e-02 -2.44940054e-02 -7.14144902e-03
 -3.95948514e-02  9.67183635e-02  7.04018911e-03  8.60216562e-03
  5.10303266e-02  2.45189443e-02  2.48589534e-02  5.81425875e-02
 -9.14066564e-03 -2.86696870e-02  3.79808433e-02 -9.38669499e-03
 -2.23271158e-02 -8.31066892e-02  3.32287736e-02 -3.61170247e-03
 -2.53585931e-02 -3.67082399e-03 -4.22050767e-02  5.18331677e-02
 -4.72348221e-02  2.06559710e-02  3.22429910e-02 -9.15282685e-03
 -1.18594849e-03 -2.84281243e-02  7.93393981e-03 -1.50218755e-02
 -3.09906397e-02  4.73245941e-02  7.29982322e-03 -2.58017052e-02
  1.79048274e-02  3.42821591e-02  4.10210080e-02  2.30290610e-02
  2.12649237e-02 -6.33668760e-03 -2.34379619e-03 -5.00980020e-02
 -2.92425230e-02 -4.53867158e-03  1.66398641e-02  2.75835767e-03
  5.40496148e-02  1.26614990e-02 -5.15229581e-03 -2.98603699e-02
  2.66612321e-02  3.98109443e-02 -4.90538031e-03 -2.84217130e-02
  2.94396225e-02  1.58656854e-02  2.14617122e-02 -2.70156860e-02
 -1.87629350e-02  3.51517759e-02 -2.66547059e-03 -4.05697823e-02
 -4.68621664e-02 -5.15072839e-03  2.49940660e-02 -2.31428239e-02
 -5.02450168e-02  4.58218157e-02 -6.95146620e-02  6.59560459e-03
  1.46157490e-02  9.55912992e-02 -5.15997149e-02 -2.11453494e-02
  2.99999509e-02  9.95734986e-03  6.04715832e-02 -1.82012290e-08
  8.34482089e-02 -8.88905004e-02 -3.65696438e-02  6.88494965e-02
 -6.65481621e-03 -2.64157671e-02 -5.67371398e-02  2.17389911e-02
  1.69542339e-02 -7.98223913e-02  2.25430983e-03  7.75818750e-02
  2.52628257e-03  4.56467317e-03 -4.77894805e-02 -3.52167115e-02
  1.97342169e-02  2.38906741e-02 -3.45968343e-02  2.95561720e-02
 -6.67713434e-02 -1.89659502e-02 -2.25459021e-02  4.28691087e-03
  4.54054885e-02 -3.80344950e-02  3.00878957e-02  5.78269130e-03
  4.22853939e-02  3.85495760e-02  6.92547411e-02  8.78266059e-03
  2.90321857e-02 -2.04813275e-02 -1.86296254e-02 -1.64873954e-02
 -7.82570627e-04  2.36202255e-02 -2.41728872e-02 -1.20206363e-02
 -3.53633203e-02  1.10408058e-02 -5.57423569e-04  2.26749200e-02
 -4.57507223e-02 -1.24022877e-02  9.11877491e-03  3.12805623e-02
  2.20544580e-02  1.75542794e-02 -1.05948178e-02  2.54082028e-02
 -2.80751195e-02  7.26771681e-03 -1.85387135e-02  2.43895557e-02
  6.39391132e-03  1.76212471e-02  1.40488930e-02 -2.57765204e-02
  2.01515686e-02 -2.70868447e-02 -7.94759777e-04 -4.31109071e-02]
Weight, Exercise & Lifestyle Habits
[-6.28331769e-03  1.14649776e-02 -2.64265798e-02  6.10251501e-02
  1.46746878e-02  4.10991535e-03  2.50502676e-02 -2.99557038e-02
 -3.02399099e-02 -7.44287670e-03 -6.02735057e-02 -3.18961479e-02
 -4.82210293e-02 -1.91941112e-02  4.93021794e-02 -4.54997644e-02
  6.26118630e-02  1.85778029e-02  3.95065136e-02 -2.59313490e-02
  4.51333001e-02  3.02931806e-03  4.92834300e-02  3.47968116e-02
  4.15062271e-02  1.67283621e-02  3.04650869e-02 -4.16867174e-02
 -2.28493754e-02 -2.99144946e-02  2.13128161e-02 -5.45587614e-02
 -2.08208971e-02  1.68758295e-02 -4.35954221e-02  3.95206586e-02
  1.96704380e-02 -3.89060900e-02 -5.49046509e-02 -1.88465994e-02
  2.89425291e-02  3.27866785e-02  4.23336681e-03 -4.50897543e-03
  1.63118017e-03 -2.23845430e-02 -4.50624004e-02  4.63075265e-02
  6.04860298e-02  5.88016137e-02 -3.34086157e-02 -2.80868299e-02
  5.41388150e-03 -1.24440668e-02  6.30179569e-02  1.14899930e-02
 -4.49271500e-02 -9.59486514e-03  2.79454235e-02 -3.51339504e-02
 -1.78411361e-02  1.49575518e-02  6.28718641e-03 -3.58174997e-03
  1.21504171e-02  1.18823517e-02 -2.42159609e-02  2.68716421e-02
 -1.02831202e-03  3.15475836e-02 -3.68174762e-02 -3.66120264e-02
  8.14932212e-03 -1.79838296e-02  1.70365139e-03 -1.07851904e-02
  8.79655499e-03 -3.34702134e-02 -8.05594586e-03  1.88138634e-02
 -4.21888903e-02  4.12694030e-02  3.30488756e-02  4.46785949e-02
  1.22660175e-02  3.85591276e-02  5.28404005e-02  5.48048206e-02
 -2.78587285e-02 -2.64081396e-02 -6.12190343e-04  4.52417089e-03
 -1.80415567e-02  6.88994378e-02  2.49450170e-02 -4.05098274e-02
 -1.84432305e-02 -6.18550293e-02 -1.41649293e-02  1.24000851e-02
  1.22052683e-02 -6.01682300e-03  7.43289888e-02  7.14352503e-02
  7.20966514e-03  2.74459235e-02 -6.27026428e-03  1.85134187e-02
  3.21061090e-02 -3.90532496e-03  2.46383902e-02  3.67006324e-02
  1.72080216e-03  2.90881936e-02 -6.11473694e-02  4.56914827e-02
  3.59664485e-02  1.02362316e-02 -3.45090334e-03  6.00334406e-02
 -7.42385685e-02  1.61685776e-02  4.49510217e-02 -3.63874137e-02
  2.80153193e-02  2.01167967e-02  1.99833438e-02 -2.64706891e-33
  6.71223551e-03 -4.84821387e-02  2.32899692e-02  2.73875948e-02
  8.90315045e-04  9.87976789e-04  2.12734267e-02  3.75214666e-02
  5.50300367e-02 -9.80322435e-03 -5.22001833e-03 -6.68122470e-02
 -4.68298718e-02 -2.59203129e-02 -2.56810039e-02 -4.62345779e-02
  1.83758624e-02  1.19472360e-02  4.17663120e-02  2.00130120e-02
 -2.80096494e-02 -7.48952478e-02  4.11142549e-03 -3.12327389e-02
  5.33407088e-03 -1.45197539e-02  1.13647524e-02 -1.57060325e-02
  1.13665955e-02  1.82702877e-02  2.11145841e-02 -1.03625637e-02
  2.28402875e-02 -2.02705599e-02 -2.76318705e-03 -8.92823562e-04
 -2.43133083e-02  2.40525641e-02 -7.59593677e-03 -1.19325863e-02
  3.02921627e-02  4.06194367e-02  2.11482719e-02 -4.52779643e-02
  5.24800904e-02  5.83231403e-03  2.66373251e-02 -6.58464269e-04
 -3.42926197e-02  2.68268827e-02  5.78926690e-03 -5.56055307e-02
  2.52466206e-03  1.12943798e-02 -3.57031003e-02 -1.04295157e-01
 -2.94336528e-02  1.08726546e-02 -1.09597277e-02  1.31813660e-02
 -2.37578899e-02  3.40319388e-02 -1.96119733e-02  1.56968273e-02
 -2.87940912e-02  1.30131859e-02 -3.94384451e-02 -2.77635641e-02
 -4.25008647e-02 -8.93971976e-03  4.28224541e-02  3.13486392e-03
  7.85844028e-02  5.36498986e-03 -2.11856444e-03  9.72036831e-03
 -2.50730626e-02 -7.86450803e-02 -8.12625438e-02 -4.64237928e-02
  4.46420982e-02  2.29059830e-02  1.46032078e-02  1.82112418e-02
  8.49599205e-03  4.85878848e-02 -8.31681341e-02  1.92621350e-02
  2.51314156e-02 -1.95042472e-02 -8.79296586e-02  1.28760543e-02
 -9.89811961e-03 -9.69368382e-04 -8.15330818e-02  1.88146926e-33
  3.99302542e-02 -3.50269713e-02  3.30399461e-02  1.40328426e-02
 -2.45723501e-03 -2.91540809e-02  2.62757894e-02 -2.23286096e-02
  6.68371469e-03 -1.26857413e-02  3.30530740e-02 -8.63565691e-03
  2.40093973e-02 -1.64881404e-02  5.05950451e-02  4.20796908e-02
  5.39936731e-03  4.41306569e-02 -8.64495710e-03  2.27554590e-02
 -4.43113372e-02  6.70606941e-02 -4.24239505e-03 -1.27118574e-02
  4.79360297e-02  1.43949417e-02  2.34673563e-02  7.53181204e-02
 -3.69299762e-02 -1.62328836e-02  2.18471177e-02  9.37857479e-03
 -3.31026688e-02 -5.46108112e-02  2.84886174e-02  2.71424098e-04
 -3.26731578e-02 -7.15393806e-03 -3.96233760e-02  2.39075795e-02
 -5.92210190e-03  1.95214562e-02  2.84071565e-02 -7.89937284e-03
  5.24682924e-04 -2.95468774e-02  2.10626833e-02 -1.49865551e-02
 -6.55842945e-02  5.69168106e-02  2.25517899e-03 -3.93812396e-02
 -1.14608777e-03  3.25989202e-02  2.52226926e-02  3.14885862e-02
 -1.83664300e-02 -3.47124375e-02 -3.75491679e-02 -5.05550206e-02
 -3.95299569e-02 -1.77922361e-02  2.11795904e-02 -3.14536993e-03
  5.08804917e-02 -1.41061353e-03  2.49220114e-02 -2.13282816e-02
  4.22853120e-02  2.12208331e-02 -1.32071543e-02  3.67581286e-03
  2.71311663e-02  3.76242734e-02  7.29139755e-03 -4.02488038e-02
  9.17220954e-03  3.98357660e-02 -7.74584571e-03 -3.82038876e-02
 -5.08508608e-02 -1.99722201e-02  2.66305394e-02 -4.68902513e-02
 -6.08204119e-02  1.25566814e-02 -4.50415798e-02 -1.47047294e-02
  1.57589968e-02  4.21150252e-02 -3.20251919e-02 -1.91451684e-02
  3.06325257e-02  2.33319048e-02  5.93582615e-02 -1.77013586e-08
  4.69981059e-02 -5.50413430e-02 -8.78603291e-03  7.23993182e-02
 -1.52289839e-02 -6.62751645e-02 -3.47363129e-02 -1.32725164e-02
  3.24288234e-02 -9.01677236e-02  1.48446169e-02  9.10431519e-03
  3.70970592e-02  2.85415997e-04 -4.39656451e-02 -5.04563563e-02
  3.68848443e-02  5.75231090e-02 -3.66172902e-02  4.14573774e-02
 -5.08146174e-02 -3.20593528e-02 -2.15631686e-02 -7.12625589e-03
  4.83369417e-02 -4.52318089e-03  5.37693277e-02 -4.70244879e-04
  5.04296720e-02  5.00793867e-02  4.07083333e-02  6.06533373e-03
  1.13819502e-02 -1.43073052e-02 -4.96304855e-02 -4.28332351e-02
  4.20140214e-02  2.45828889e-02 -9.92041547e-03 -3.79773346e-03
 -3.26843336e-02  1.20557407e-02  6.21043146e-05  6.58843014e-03
 -7.61062885e-03  1.35947042e-03  3.69788520e-02  1.10928733e-02
  2.58572735e-02  8.69678240e-03 -7.72899482e-03 -6.24859426e-03
  5.51167829e-03  1.57433413e-02 -2.46301573e-02  3.63220344e-03
 -2.86907796e-02  3.07643949e-03  1.72990095e-02 -1.30850626e-02
  2.88272761e-02 -4.91859429e-02 -1.28667755e-02 -4.19572219e-02]
Prevention & Family History
[-2.96647102e-03  3.44267823e-02 -2.24522278e-02  4.97803204e-02
 -1.26396520e-02  1.55787868e-02  3.01952418e-02 -3.52419540e-03
 -6.13109134e-02 -2.20835358e-02 -4.68713939e-02 -1.37416190e-02
 -7.71289840e-02 -3.90808918e-02 -1.90085880e-02 -5.16104810e-02
  2.05964576e-02 -4.32850467e-03  3.04178577e-02  1.31026143e-03
  5.17732613e-02  1.27561772e-02  4.49272506e-02  3.49339209e-02
 -1.13928290e-02  2.47388780e-02  1.95856113e-02 -2.92145554e-02
 -3.28280739e-02 -2.04724167e-02  1.93484649e-02 -2.13506017e-02
 -4.58028400e-03  2.60952506e-02 -7.48798400e-02  6.80574849e-02
 -9.66421980e-03 -3.68431881e-02 -8.50702152e-02 -2.07074191e-02
  3.92845236e-02  2.24670079e-02 -2.74803577e-04  5.35739399e-03
  4.25729305e-02 -5.10136075e-02 -6.39015585e-02  3.03960890e-02
  8.33056569e-02  7.57758394e-02 -5.17713167e-02 -2.74749845e-02
  3.28799859e-02 -2.66588833e-02  7.15389326e-02 -1.09854480e-02
 -7.18258694e-02 -3.24250050e-02  2.06697988e-03 -7.76030421e-02
 -1.58968884e-02 -2.91573559e-03 -1.66861806e-02  5.59075270e-04
 -4.61032875e-02 -1.76208299e-02  5.60986390e-03  3.69067304e-02
  5.27564697e-02  4.65475805e-02 -3.98462266e-02 -4.39786874e-02
 -1.47538679e-02  1.87793914e-02  1.22928629e-02  2.32283399e-02
 -3.72000299e-02 -3.06567606e-02 -2.62678671e-03 -2.87723783e-02
  3.79343121e-03  4.53742594e-02  7.14713559e-02  5.43274432e-02
  5.40515408e-03  2.14498639e-02  4.81505841e-02  1.94812529e-02
 -3.72165889e-02 -4.37382013e-02 -4.74264100e-03 -1.26038557e-02
  8.94055422e-03  8.96847546e-02 -2.38917489e-03 -2.08474193e-02
  1.48822460e-03 -1.04522057e-01 -5.75953349e-03  2.92396788e-02
  2.60492321e-02 -5.33197559e-02  5.32464720e-02  5.43457977e-02
 -2.75472049e-02  3.92964594e-02 -2.52709538e-03  1.27357068e-02
  1.87017098e-02  2.68924702e-02  2.57144440e-02  7.06014186e-02
  8.72026756e-03  3.41482856e-03 -9.22390521e-02  1.36103863e-02
  4.85982411e-02  4.67645004e-03  3.06361616e-02  5.15902899e-02
 -6.15988784e-02  2.86439229e-02  5.30099012e-02 -3.83196585e-02
  4.71838899e-02  8.00925046e-02  3.85680757e-02 -3.82121365e-33
  3.03440932e-02 -4.21211608e-02 -3.69345746e-03  2.37817341e-03
  1.20308222e-02  5.78392856e-02  8.52823723e-03  3.82676087e-02
  3.82747464e-02 -1.24148093e-02  1.52759803e-02 -4.57876325e-02
 -2.94862092e-02 -6.04765415e-02 -4.25457209e-02 -2.11856347e-02
 -1.03073670e-02 -3.91506404e-03  4.13696058e-02  4.57175784e-02
 -7.20255002e-02 -5.99277578e-02  4.03443165e-03 -2.63738260e-02
 -9.30489693e-03 -2.71905158e-02  3.61157395e-02  2.35777604e-03
  3.41099352e-02  2.37204824e-02  2.33398806e-02  1.33689223e-02
  6.04056120e-02 -7.07056448e-02 -2.02077930e-03  9.70378984e-03
  2.07932922e-03  1.50874956e-02 -1.02333250e-02  3.79607268e-03
 -3.55399889e-03  1.27569707e-02 -1.27135497e-03 -5.99279366e-02
  6.60924837e-02 -8.17858148e-03  6.99048862e-02 -2.74087861e-02
 -7.02795759e-02  6.19048765e-03 -5.38655519e-02 -3.22861336e-02
 -1.40720224e-02  5.42957298e-02  2.24909862e-03 -8.41341093e-02
 -3.94051932e-02 -4.75362554e-04  6.88001094e-03  1.16502093e-02
  6.61353813e-03  2.31798515e-02 -1.57581235e-03  2.22604480e-02
 -3.12796347e-02  1.61828082e-02 -7.96246249e-03 -1.66836027e-02
 -7.57108778e-02 -5.44911735e-02  3.06234811e-03 -3.13632898e-02
  3.95925604e-02  1.74371284e-02 -5.94060309e-02  2.85272226e-02
 -2.31482144e-02 -3.92856784e-02 -2.40610391e-02 -6.44099265e-02
  2.03221235e-02  1.39889680e-02  9.67918430e-03  3.66688520e-02
  2.05913484e-02  4.03368473e-02 -8.32631066e-02  4.70101414e-03
 -2.20352262e-02 -5.22170514e-02 -1.02776743e-01  3.88966165e-02
  2.54884902e-02 -4.28474648e-03 -3.94902751e-02  7.15870687e-34
  3.01405285e-02 -1.85446907e-02  6.69192970e-02 -1.76369101e-02
  3.10648885e-02 -8.31530467e-02  3.73381525e-02 -3.44913527e-02
  6.83651939e-02 -1.09179588e-02  2.01021787e-02  2.29732394e-02
  6.77351430e-02 -3.68072875e-02 -1.79925375e-02  8.21876675e-02
 -3.80170569e-02  6.16060458e-02 -2.09692214e-02 -1.87287331e-02
 -5.80435805e-02  1.07007109e-01  1.66815873e-02  1.36651816e-02
  4.50191312e-02  1.78507995e-02  1.46584958e-03  4.75052148e-02
 -4.07011807e-02 -3.19231637e-02  2.47877315e-02 -1.20107410e-02
 -1.51653215e-02 -6.26773313e-02  2.99970377e-02 -2.09546983e-02
 -4.03164476e-02 -4.17510681e-02 -4.19522673e-02  3.45343240e-02
  3.66119035e-02  6.85456023e-03  2.55174786e-02 -1.64547209e-02
  7.47927651e-02 -1.35567486e-02 -3.40445861e-02  8.27359874e-03
 -9.07872710e-03  2.78206170e-02 -3.16387564e-02 -5.01684891e-03
  2.76764128e-02  4.80647422e-02  1.57701876e-02 -2.49153581e-02
  4.44778316e-02 -2.90219914e-02 -2.26127580e-02  2.95686885e-03
 -5.52772284e-02 -2.62713134e-02  1.70572046e-02  2.13819910e-02
  4.76598851e-02  1.67879742e-02  4.90091927e-02 -3.06606442e-02
  7.48282447e-02  4.83380370e-02 -8.61977320e-03 -1.83241125e-02
 -6.25547096e-02 -9.04314686e-03  2.65227724e-02 -4.57562394e-02
 -2.48376261e-02  5.94796240e-02 -1.37902191e-02 -3.83957513e-02
 -2.91581508e-02 -3.35000008e-02  2.68476587e-02 -5.91954254e-02
 -7.03055337e-02  6.62611006e-03 -1.18614091e-02 -5.54593801e-02
 -1.40502937e-02  7.18618259e-02 -6.04389720e-02 -2.31062919e-02
  4.26588906e-03 -2.54440531e-02  8.80136620e-03 -1.74438437e-08
  8.57753456e-02 -5.02947904e-02  9.98349395e-03  5.32893874e-02
 -2.82755699e-02 -6.66303784e-02 -6.85544237e-02  5.56388199e-02
  3.38674597e-02 -7.00929165e-02 -2.31441110e-04  9.68817249e-02
  4.96168882e-02 -1.12204440e-02  7.31151260e-04 -2.83175986e-02
  8.51960666e-03  6.58672825e-02 -3.89642529e-02  2.03519929e-02
 -5.25899529e-02 -3.58001515e-02  9.48219839e-03  1.94730535e-02
 -1.98568646e-02 -1.19793219e-02  9.77526307e-02 -4.21753787e-02
  1.00172805e-02  1.68098286e-02  2.16779131e-02 -3.20678897e-04
  5.16047925e-02  3.15890647e-02 -5.38744293e-02 -5.57490699e-02
  1.33724362e-02  1.48108276e-02  5.37386490e-03  7.41562294e-03
 -1.91287976e-02  1.26597444e-02 -4.16761003e-02  2.06856560e-02
 -5.00604995e-02 -2.28246953e-02  7.26898164e-02  2.06877906e-02
  1.39177619e-02  1.85095668e-02 -1.69500783e-02  4.93885726e-02
 -1.50278648e-02  1.05059734e-02 -6.66952739e-03  2.31844876e-02
 -5.56273349e-02  3.51454900e-03 -1.10404342e-02 -2.27091741e-02
  1.97968930e-02 -6.90686852e-02 -9.53971874e-03 -3.14260013e-02]
Co-existing Conditions & Combined Health Concerns
[-1.73588600e-02 -8.61259457e-03 -2.22252067e-02  5.62898815e-02
 -2.93323193e-02 -8.39959364e-03  2.48854216e-02  2.15169638e-02
 -1.50746331e-02 -4.51131649e-02 -5.58063872e-02  1.19722225e-02
 -7.28322789e-02 -5.01924455e-02  3.42310481e-02 -2.76056472e-02
  2.22939793e-02  2.39798408e-02  1.31055163e-02  2.76982132e-02
  3.68773676e-02 -2.66529769e-02  3.58167253e-02  3.16776745e-02
  1.28875971e-02  1.40377143e-02  3.61502469e-02 -2.97938045e-02
 -5.39759845e-02 -1.82517227e-02  2.10912060e-02  8.39383632e-04
 -2.30165049e-02  3.34715210e-02 -5.25465421e-02  7.45964348e-02
 -3.01171783e-02 -3.76957320e-02 -8.71617422e-02 -6.28826246e-02
  1.59312282e-02  1.50647694e-02  3.58848423e-02  2.02302951e-02
  1.86859462e-02 -3.16347219e-02 -6.73047975e-02  4.23850417e-02
  6.94298372e-02  2.70341281e-02 -5.79567514e-02  2.12143105e-03
  3.19624878e-02 -3.86089757e-02  8.28052089e-02  2.63768509e-02
 -6.84331730e-02 -1.37490621e-02  3.39957215e-02 -5.60788848e-02
 -2.77634319e-02  5.99714229e-03  3.67595884e-03  1.99107155e-02
 -1.91802513e-02  1.14100622e-02 -6.58322638e-03  2.97378246e-02
 -2.29369272e-02  4.29308275e-03 -3.89246307e-02 -1.43555664e-02
  2.99353898e-03 -5.34723327e-03  2.57289410e-02  1.81444082e-02
 -4.48361672e-02 -4.09235321e-02 -2.73627639e-02 -5.97867474e-04
  2.85520218e-03  5.63352369e-02  1.32416263e-02  7.71655664e-02
  1.83071550e-02  5.81588363e-03  3.22589837e-02  3.81656997e-02
 -4.48913239e-02 -3.36868018e-02  8.47486500e-03 -3.45953815e-02
  1.88172664e-02  7.19169900e-02 -3.87446652e-03 -3.98059599e-02
  1.23518938e-02 -9.99335572e-02 -4.26536202e-02  6.08644867e-03
  9.91479401e-03 -3.49855609e-02  6.32780120e-02  4.39151861e-02
 -7.85501022e-03  5.67451604e-02  6.71391562e-03  8.24158452e-03
  1.82849783e-02  1.23428488e-02  2.38952022e-02  3.10320631e-02
 -1.06678084e-02  1.25608118e-02 -8.30178335e-02  4.76294272e-02
  7.09754750e-02  2.86278059e-03  2.78235823e-02  4.23457325e-02
 -3.24825011e-02 -1.08408602e-02  3.83968391e-02 -4.34074514e-02
  3.60357352e-02  6.44384772e-02  5.08916378e-03 -2.42424202e-33
  2.26210207e-02 -6.33884221e-02 -2.98125972e-03 -1.41898403e-02
  3.09429523e-02  4.62902635e-02  1.21358046e-02  3.19744796e-02
  5.48411272e-02 -3.87527957e-03 -2.03765258e-02  8.24486930e-03
 -8.43629893e-03 -3.46067920e-02 -4.92977798e-02 -4.40952145e-02
 -1.48567930e-02  2.06740778e-02  4.90937121e-02  3.33221219e-02
 -5.61716557e-02 -2.16794163e-02  3.89056536e-03 -9.86735919e-04
  1.14614926e-02 -6.18135519e-02  2.92013492e-02 -3.15174577e-03
  9.38954856e-03  1.21615799e-02  9.82422940e-03 -4.66154516e-03
  4.66634035e-02 -2.88076606e-02 -1.97980013e-02  2.03845631e-02
 -4.39174585e-02  5.88911294e-04 -5.04512386e-03  9.52427275e-04
  8.18813872e-03  2.98291892e-02  7.06838211e-03 -4.71617132e-02
  5.69774397e-02 -3.68535332e-02  5.69077348e-03 -1.20989447e-02
 -5.65239489e-02  5.45821972e-02 -2.23875325e-02 -3.00841909e-02
 -2.86983396e-03  4.97969948e-02 -1.66840386e-03 -9.97891352e-02
 -5.44499345e-02  2.15759804e-03  5.39780408e-03  2.18643490e-02
 -1.87143125e-02  4.57556397e-02 -1.98414158e-02 -4.54651527e-02
 -4.56815585e-03  1.14196120e-02 -4.25932854e-02 -3.63540016e-02
 -5.47572672e-02 -1.71997193e-02  3.31271775e-02 -2.25280970e-02
  6.98399097e-02  3.73203382e-02 -3.70698571e-02  2.40053833e-02
 -3.66262980e-02 -3.62313613e-02 -5.67853749e-02 -3.13536711e-02
  4.77043353e-03  2.24775504e-02  3.01969517e-02  6.00544065e-02
 -1.42628970e-02  6.29710257e-02 -9.78090391e-02 -1.64027547e-03
  6.59840042e-03 -5.84969707e-02 -9.54938456e-02  4.31037731e-02
 -3.16858478e-02 -4.54494584e-04 -7.43870214e-02  4.75819129e-34
  2.74203289e-02 -1.66459475e-02  9.31217447e-02  2.15629372e-03
  4.12416793e-02 -3.83282118e-02  5.37426732e-02 -8.43081176e-02
  5.16184866e-02 -8.80255550e-03  2.16108803e-02  3.25760730e-02
  2.38827746e-02 -3.65216956e-02  5.19158272e-03  8.48131552e-02
 -4.30220179e-02  5.64708151e-02 -2.16276292e-02 -5.72998717e-04
 -4.84996326e-02  1.19759701e-01  1.81180332e-02  2.91686598e-02
  4.50523980e-02  1.40242204e-02  1.40153142e-02  1.19454646e-02
 -1.52840493e-02  6.34329952e-03  3.61551344e-02 -1.34331062e-02
 -1.39663182e-02 -7.68489838e-02  3.26259732e-02 -2.15243027e-02
 -4.54630703e-02 -3.81028354e-02 -3.80425081e-02  3.96870412e-02
 -1.32051455e-02  4.75480361e-03  6.01462722e-02 -8.28404445e-03
  3.63944434e-02 -6.69705356e-03 -1.19007798e-02 -6.63888035e-03
 -1.66498162e-02  4.75868881e-02 -1.26147280e-02  2.19759834e-03
  5.74018667e-03  5.11873513e-02  4.54381444e-02 -2.11370494e-02
  4.10202853e-02 -8.66322126e-03 -3.42190415e-02 -4.03575487e-02
 -3.71832103e-02  3.13419942e-03  2.10528169e-02 -3.23037989e-02
  5.03301620e-02  2.07883995e-02  4.22070511e-02 -3.98345105e-02
  5.10247760e-02  2.55535711e-02 -3.07372604e-02 -3.61787044e-02
  3.82885635e-02 -6.14664692e-04  2.76684463e-02 -4.32735719e-02
 -1.90490223e-02  4.99278717e-02  1.03260381e-02 -3.19632292e-02
 -4.80305888e-02 -1.93445291e-02  1.48501610e-02 -3.04064378e-02
 -9.44184437e-02  1.36545636e-02 -4.39828038e-02 -2.05678437e-02
  2.10611057e-02  8.62186924e-02 -7.17815012e-02  8.75313487e-03
 -9.95314587e-03 -2.60970984e-02  6.05671518e-02 -1.83781808e-08
  9.10910964e-02 -6.88231066e-02 -2.30393708e-02  6.17908128e-02
 -3.98194082e-02 -4.40061241e-02 -4.71932441e-02  6.88696131e-02
  1.10912450e-04 -6.12828732e-02  7.36753456e-03  1.10153295e-01
  1.65819246e-02 -3.15609910e-02 -1.45289516e-02 -4.45124023e-02
  1.88263152e-02  5.77405728e-02 -4.23934795e-02  1.23747168e-02
 -2.71561351e-02 -2.84898076e-02 -7.11568398e-03 -2.81614572e-04
  9.94951651e-03 -1.75291505e-02  6.40070066e-02 -3.62024382e-02
  9.58243385e-03  1.86709780e-02  5.51520884e-02 -5.60622802e-03
  1.97643414e-02 -3.37618329e-02 -1.74980629e-02 -3.01303566e-02
  9.62487701e-03  2.73086578e-02  6.50519086e-03  3.69154965e-03
 -4.36170511e-02 -3.57682188e-03 -3.60466130e-02  2.75247097e-02
 -2.00378653e-02 -1.99030060e-02  5.18024154e-02  2.82092988e-02
  3.52654532e-02 -4.76742303e-03 -2.66656186e-02  5.52797876e-02
  1.46704512e-02 -1.00626564e-02 -2.64558922e-02  2.50142161e-02
 -4.24566753e-02  4.88034263e-03  8.41315277e-03 -1.25457747e-02
  3.37358676e-02 -4.40995283e-02 -3.33139062e-04 -2.29732394e-02]
